0 0.31919193360954523 0.1412825669394806 0.4646464856341481 0.2064128282945603
0 0.08888889290392399 0.41583166865166277 0.17373738158494234 0.334669342963025
0 0.33030304522253573 0.39579158823471516 0.1676767752505839 0.35070140729658306
0 0.11515152035281062 0.593186380341649 0.2141414238139987 0.3326653349213302
0 0.25555556709878147 0.7715430960524827 0.43434345396235585 0.192384772002697
0 0.5131313363090158 0.7324649392394349 0.2585858702659607 0.34669339121319354
0 0.6838384147267789 0.7224448990309611 0.17575758369639516 0.5511022114660591
0 0.7393939727917314 0.11923847848083824 0.49292931519448757 0.19038076396100223
0 0.760606094961986 0.25050100521184504 0.34545456105843186 0.14829659508541226
0 0.9414141839370131 0.30160321027506143 0.1131313182413578 0.23847695696167648
