0 0.33000001567415893 0.21700001030694693 0.1520000072196126 0.2220000105444342
0 0.4620000219438225 0.17400000826455653 0.14000000664964318 0.2920000138692558
0 0.5910000280709937 0.17300000821705908 0.11000000522471964 0.3020000143442303
0 0.7220000342931598 0.21000000997446477 0.12800000607967377 0.1520000072196126
0 0.8510000404203311 0.31300001486670226 0.1580000075045973 0.1460000069346279
0 0.8350000396603718 0.4700000223238021 0.2900000137742609 0.08400000398978591
0 0.8240000391378999 0.596000028308481 0.3120000148192048 0.12000000569969416
0 0.7880000374279916 0.7300000346731395 0.20800000987946987 0.18400000873953104
0 0.6760000321082771 0.8230000390904024 0.1560000074096024 0.2340000111144036
0 0.5530000262660906 0.842000039992854 0.12600000598467886 0.27600001310929656
0 0.4230000200914219 0.8490000403253362 0.12600000598467886 0.2300000109244138
0 0.2900000137742609 0.8160000387579203 0.17600000835955143 0.1600000075995922
0 0.20300000964198261 0.7050000334857032 0.2900000137742609 0.10600000503472984
0 0.17000000807456672 0.5430000257911161 0.32800001557916403 0.09800000465475023
0 0.17900000850204378 0.3980000189039856 0.2900000137742609 0.144000006839633
0 0.20200000959448516 0.2690000127768144 0.17200000816956162 0.1460000069346279
