0 0.16901407856494188 0.23533518862677738 0.10422534844838083 0.10195530427154154
0 0.3049295667442493 0.2611731766955927 0.13098591088782996 0.10055865626782179
0 0.1633802759461105 0.3428770849131979 0.10140844713896513 0.08519552822690457
0 0.2126760488608852 0.4175977531122044 0.1577464733272791 0.08100558421574533
0 0.10492957377573475 0.4427374171791598 0.05774647684302181 0.0977653602603823
0 0.10563379910308868 0.5418994254432619 0.10704224975779653 0.12290502432733774
0 0.20211266895057634 0.5237430013949051 0.13380281219724566 0.08379888022318482
0 0.19999999296851456 0.613128473632969 0.07887323666363955 0.17597764846868813
0 0.26549294841242954 0.6284916016738862 0.09436619386542588 0.17877094447612762
0 0.3309859038563445 0.4175977531122044 0.07605633535422385 0.1843575364910066
0 0.42676054837647825 0.31843574484810233 0.1295774602331221 0.11731843231245875
0 0.44154928025091067 0.38687149703036994 0.12535210826899856 0.08938547223806381
0 0.4964788557845168 0.4664804332423955 0.17042252921964973 0.08100558421574533
0 0.7605633535422385 0.2800279247458093 0.10422534844838083 0.1606145204277709
0 0.7126760312821716 0.48184356128331274 0.09295774321071804 0.11173184029757977
0 0.8267605343135074 0.3952513850526884 0.06760563142597675 0.15642457641661167
0 0.9098591229412705 0.42039104911964387 0.10704224975779653 0.17318435246124864
0 0.6556337797665037 0.5453910454525612 0.074647884699516 0.13268156035337597
0 0.6584506810759194 0.42877093714196235 0.10281689779367298 0.1396648003719747
0 0.5443661780445836 0.6138267976348288 0.13098591088782996 0.18016759247984737
0 0.3971830846276134 0.7206703699193895 0.1549295720178634 0.1480446883942932
0 0.4563380121253431 0.872206678322982 0.1605633746366948 0.12430167233105749
0 0.6126760347979143 0.8184357301797718 0.17464788118377328 0.10335195227526128
0 0.6464788505109027 0.8952513703843579 0.19436619034968317 0.08100558421574533
0 0.7056337780086324 0.66270947776502 0.09859154582954943 0.12988826434593648
