0 0.41473316465271637 0.26227208762429655 0.16821345139760524 0.15147264953702688
0 0.6131090280250646 0.19424964778590947 0.15893270925153047 0.09957924182526767
0 0.6711136664380319 0.30575034813955426 0.10092807083856314 0.1374474042095244
0 0.2987238878267817 0.4186535730259493 0.117169369594194 0.11921458528377116
0 0.35266820155084133 0.5778401074931026 0.1322505755815655 0.10378681542351842
0 0.17517400800716132 0.6157082698773593 0.14385150326415896 0.09256661916151643
0 0.1844547501532361 0.7727910175453871 0.0997679780703038 0.19074333645403385
0 0.30684453720459715 0.8302945233881474 0.15893270925153047 0.10098176635801792
0 0.4593967362307012 0.6753155625192448 0.1322505755815655 0.14446002687327564
0 0.5359628589358181 0.512622716720216 0.12529001897200942 0.11360448715277016
0 0.5649651781423017 0.3983169673010707 0.15081205987371504 0.08134642289951444
0 0.7494199282955378 0.3695652143796906 0.058004638412967324 0.2033660572487861
0 0.8161252624704503 0.3555399690521881 0.09396751422900707 0.16129032126627862
0 0.6850347796571441 0.5112201921874657 0.10324825637508184 0.10518933995626867
0 0.6612528779078275 0.6051893358817324 0.11136890575289726 0.0659186530392617
0 0.6357308370061219 0.6690042021218687 0.1276102045085281 0.08695652103051543
0 0.6096287497202866 0.7356241174275056 0.09396751422900707 0.05469845677725971
0 0.5980278220376931 0.8127629667287692 0.12180974066723138 0.07433380023576319
0 0.5487238793866709 0.8590462763095275 0.10672853467985988 0.0659186530392617
0 0.40661251527490094 0.9572229936020449 0.1519721526419744 0.08555399649776518
0 0.5788862913614139 0.9144459953531623 0.1299303900450468 0.06171107944101095
0 0.6658932489808649 0.9277699784142897 0.07656612270511687 0.10518933995626867
0 0.706496495869942 0.7966339346021414 0.11832946236245334 0.1206171098165214
0 0.8178654016228393 0.8071528685977682 0.10208816360682249 0.09677419275976717
0 0.883990689413622 0.6360448756022379 0.08584686485119164 0.1921458609867841
