0 0.4537036956753582 0.15213815902825445 0.09999999823048711 0.07072368473745883
0 0.4078703631530516 0.23930921230930835 0.03796296229120344 0.13651315891183913
0 0.5078703613835387 0.30509868648368865 0.056481480482034385 0.10690789553336799
0 0.5740740639157593 0.2310855280375108 0.0703703691251576 0.050986842485144734
0 0.5819444341468625 0.28371710737701505 0.07314814685378224 0.037828947650268674
0 0.1333333309739828 0.3437500025611371 0.0351851845625788 0.08881579013541341
0 0.161574071215 0.3963815819006413 0.036111110472120345 0.06907894788309932
0 0.20277777418959886 0.37253289751242846 0.05555555457249284 0.09375000069849193
0 0.18749999668216333 0.4268092137062922 0.04166666592936963 0.07401315844617784
0 0.18703703372739255 0.4728618456283584 0.05370370275340974 0.04769736877642572
0 0.263888884219341 0.3453947394154966 0.0351851845625788 0.08223684271797538
0 0.30509258719393983 0.4095394767355174 0.028703703195787966 0.11513157980516553
0 0.2861111060483381 0.4736842140555382 0.06296296184882522 0.04934210563078523
0 0.38935184496222064 0.4712171087739989 0.07685185049194843 0.05427631619386375
0 0.35787036403780803 0.5633223726181313 0.09166666504461318 0.08059210586361587
0 0.27685184695292264 0.6998355315299705 0.05555555457249284 0.04769736877642572
0 0.30694443901302293 0.714638163219206 0.05833333230111748 0.09375000069849193
0 0.5046296207001433 0.4078947398811579 0.06481481366790831 0.0427631582133472
0 0.4828703618259169 0.46134868764784187 0.09537036868277937 0.0641447373200208
0 0.5879629525588825 0.324013160308823 0.02777777728624642 0.09539473755285144
0 0.6106481373426504 0.37088816065806895 0.039814814110286534 0.09046052698977292
0 0.7120370244374499 0.2541118439985439 0.05740740639157593 0.07401315844617784
0 0.748611097864341 0.2187500016298145 0.05462962866295129 0.06907894788309932
0 0.6347222109907307 0.4514802665216848 0.04722222138661891 0.04769736877642572
0 0.5874999896041118 0.5674342147540301 0.07314814685378224 0.08223684271797538
0 0.5949073968804441 0.6208881625207141 0.04166666592936963 0.05427631619386375
0 0.5824073971016333 0.6990131631027907 0.046296295477077365 0.11513157980516553
0 0.46481480658985674 0.708059215801768 0.08148148003965616 0.08388157957233489
0 0.7351851721759886 0.5904605307150632 0.04074074001982808 0.1282894746400416
0 0.7129629503469914 0.6636513207340613 0.04444444365799427 0.1332236852031201
0 0.7898148008389398 0.6554276364622638 0.03888888820074499 0.110197369242087
0 0.773148134467192 0.704769742093049 0.0666666654869914 0.0641447373200208
0 0.8629629476927221 0.5246710565406829 0.05925925821065903 0.11513157980516553
0 0.7990740599343553 0.34457237098831683 0.04074074001982808 0.08059210586361587
0 0.9138888727175072 0.430921055842191 0.0685185173060745 0.1085526323877275
