0 0.3680000174790621 0.014000000664964318 0.05600000265985727 0.02400000113993883
0 0.3800000180490315 0.10900000517722219 0.09200000436976552 0.042000001994892955
0 0.401000019046478 0.14300000679213554 0.09000000427477062 0.03000000142492354
0 0.46500002208631486 0.18000000854954123 0.09000000427477062 0.04400000208988786
0 0.46300002199131995 0.22100001049693674 0.0740000035148114 0.042000001994892955
0 0.44300002104137093 0.26800001272931695 0.06200000294484198 0.09600000455975533
0 0.09900000470224768 0.14700000698212534 0.04600000218488276 0.050000002374872565
0 0.1850000087870285 0.1190000056521967 0.08600000408478081 0.026000001234933734
0 0.24400001158937812 0.12200000579468906 0.04800000227987766 0.0760000036098063
0 0.15700000745709985 0.14900000707712024 0.050000002374872565 0.03000000142492354
0 0.14500000688713044 0.1540000073146075 0.04600000218488276 0.05600000265985727
0 0.21600001025944948 0.1810000085970387 0.11600000550970435 0.02200000104494393
0 0.19200000911951065 0.17100000812206417 0.028000001329928637 0.07000000332482159
0 0.11200000531971455 0.22300001059193164 0.0760000036098063 0.03800000180490315
0 0.13300000631716102 0.24400001158937812 0.07000000332482159 0.04000000189989805
0 0.14200000674463809 0.2850000135367736 0.04000000189989805 0.09000000427477062
0 0.1930000091670081 0.2830000134417787 0.04600000218488276 0.0780000037048012
0 0.16100000764708966 0.370000017574057 0.05400000256486237 0.04400000208988786
0 0.11200000531971455 0.3880000184290111 0.05600000265985727 0.0800000037997961
0 0.29700001410674304 0.3780000179540366 0.042000001994892955 0.10400000493973494
0 0.23500001116190106 0.3260000154841691 0.042000001994892955 0.09600000455975533
0 0.04600000218488276 0.22900001087691635 0.028000001329928637 0.07000000332482159
0 0.02200000104494393 0.26600001263432205 0.03200000151991844 0.06800000322982669
0 0.035000001662410796 0.2980000141542405 0.05400000256486237 0.04800000227987766
0 0.034000001614913344 0.33600001595914364 0.06000000284984708 0.03600000170990825
0 0.0370000017574057 0.37100001762155443 0.050000002374872565 0.06600000313483179
0 0.13200000626966357 0.49400002346374094 0.05200000246986747 0.0760000036098063
0 0.09800000465475023 0.5520000262185931 0.05200000246986747 0.09600000455975533
0 0.017000000807456672 0.5350000254111364 0.03000000142492354 0.07000000332482159
0 0.2790000132517889 0.5240000248886645 0.04600000218488276 0.0800000037997961
0 0.03100000147242099 0.6080000288784504 0.058000002754852176 0.04000000189989805
0 0.02400000113993883 0.6680000317282975 0.04400000208988786 0.06400000303983688
0 0.3860000183340162 0.5800000275485218 0.10400000493973494 0.06000000284984708
0 0.4870000231312588 0.5480000260286033 0.0740000035148114 0.0760000036098063
0 0.3160000150091946 0.4440000210888684 0.04800000227987766 0.0720000034198165
0 0.3310000157216564 0.4800000227987766 0.03000000142492354 0.08800000417977571
0 0.3780000179540366 0.4780000227037817 0.0800000037997961 0.04800000227987766
0 0.4680000222288072 0.43000002042390406 0.06400000303983688 0.0720000034198165
0 0.3780000179540366 0.45700002170633525 0.0800000037997961 0.03000000142492354
0 0.18800000892952085 0.6950000330107287 0.09200000436976552 0.026000001234933734
0 0.04600000218488276 0.7410000351956114 0.05600000265985727 0.05400000256486237
0 0.05100000242237002 0.7760000368580222 0.06200000294484198 0.02400000113993883
0 0.1170000055572018 0.7580000360030681 0.08200000389479101 0.03200000151991844
0 0.28000001329928637 0.7130000338656828 0.03200000151991844 0.06200000294484198
0 0.25200001196935773 0.7300000346731395 0.05600000265985727 0.04400000208988786
0 0.2610000123968348 0.800000037997961 0.058000002754852176 0.06400000303983688
0 0.20800000987946987 0.7730000367155299 0.05600000265985727 0.0740000035148114
0 0.17600000835955143 0.7660000363830477 0.04800000227987766 0.05200000246986747
0 0.18200000864453614 0.7990000379504636 0.0720000034198165 0.03800000180490315
0 0.1540000073146075 0.7940000377129763 0.09600000455975533 0.03600000170990825
0 0.12900000612717122 0.8040000381879508 0.06200000294484198 0.08400000398978591
0 0.06800000322982669 0.802000038092956 0.05200000246986747 0.04400000208988786
0 0.09300000441726297 0.842000039992854 0.08600000408478081 0.028000001329928637
0 0.16300000774208456 0.8450000401353464 0.05400000256486237 0.042000001994892955
0 0.12700000603217632 0.8720000414177775 0.08600000408478081 0.04800000227987766
0 0.20000000949949026 0.8610000408953056 0.04000000189989805 0.034000001614913344
0 0.2320000110194087 0.8750000415602699 0.06800000322982669 0.03800000180490315
0 0.1970000093569979 0.9070000430801883 0.04600000218488276 0.06600000313483179
0 0.38300001819152385 0.7720000366680324 0.03800000180490315 0.0800000037997961
0 0.5210000247461721 0.780000037048012 0.11000000522471964 0.06000000284984708
0 0.3860000183340162 0.8180000388529152 0.0800000037997961 0.02400000113993883
0 0.3470000164816156 0.8350000396603718 0.034000001614913344 0.03000000142492354
0 0.3800000180490315 0.8570000407053158 0.08800000417977571 0.03000000142492354
0 0.4790000227512792 0.8900000422727317 0.0780000037048012 0.03200000151991844
0 0.452000021468848 0.8340000396128744 0.06400000303983688 0.05200000246986747
0 0.31700001505669206 0.9150000434601679 0.07000000332482159 0.050000002374872565
0 0.29900001420173794 0.9730000462150201 0.06200000294484198 0.05400000256486237
0 0.3550000168615952 0.9700000460725278 0.05400000256486237 0.06000000284984708
0 0.4310000204714015 0.9730000462150201 0.05400000256486237 0.05400000256486237
0 0.5310000252211466 0.9260000439826399 0.06600000313483179 0.06000000284984708
0 0.6560000311583281 0.9420000447425991 0.0720000034198165 0.03200000151991844
0 0.4620000219438225 0.04700000223238021 0.04800000227987766 0.09000000427477062
0 0.5120000243186951 0.020000000949949026 0.0800000037997961 0.028000001329928637
0 0.5440000258386135 0.03600000170990825 0.0760000036098063 0.03600000170990825
0 0.5410000256961212 0.09900000470224768 0.08200000389479101 0.03800000180490315
0 0.5810000275960192 0.10200000484474003 0.03800000180490315 0.03600000170990825
0 0.6410000304458663 0.1190000056521967 0.050000002374872565 0.0740000035148114
0 0.585000027786009 0.15100000717211515 0.10600000503472984 0.042000001994892955
0 0.5970000283559784 0.2730000129668042 0.06600000313483179 0.042000001994892955
0 0.51400002441369 0.3260000154841691 0.06800000322982669 0.08400000398978591
0 0.6120000290684402 0.3200000151991844 0.08400000398978591 0.0720000034198165
0 0.7070000335806981 0.33000001567415893 0.05400000256486237 0.0800000037997961
0 0.7430000352906063 0.31300001486670226 0.05400000256486237 0.06200000294484198
0 0.6850000325357541 0.06800000322982669 0.05400000256486237 0.05200000246986747
0 0.6810000323457643 0.12400000588968396 0.034000001614913344 0.06000000284984708
0 0.7430000352906063 0.14700000698212534 0.05400000256486237 0.04600000218488276
0 0.7630000362405553 0.12200000579468906 0.06200000294484198 0.04800000227987766
0 0.8200000389479101 0.12200000579468906 0.06000000284984708 0.05600000265985727
0 0.8380000398028642 0.09300000441726297 0.06400000303983688 0.06200000294484198
0 0.8640000410377979 0.14700000698212534 0.05600000265985727 0.05400000256486237
0 0.8890000422252342 0.1620000076945871 0.05400000256486237 0.04400000208988786
0 0.771000036620535 0.1930000091670081 0.03800000180490315 0.03800000180490315
0 0.8270000392803922 0.18600000883452594 0.058000002754852176 0.028000001329928637
0 0.8170000388054177 0.21000000997446477 0.042000001994892955 0.028000001329928637
0 0.6520000309683383 0.4390000208513811 0.0760000036098063 0.042000001994892955
0 0.605000028735958 0.5180000246036798 0.042000001994892955 0.08400000398978591
0 0.7310000347206369 0.5060000240337104 0.09000000427477062 0.028000001329928637
0 0.8100000384729356 0.5150000244611874 0.06000000284984708 0.04600000218488276
0 0.7570000359555706 0.5330000253161415 0.0780000037048012 0.042000001994892955
0 0.6820000323932618 0.574000027263537 0.04800000227987766 0.03600000170990825
0 0.658000031253323 0.6330000300658867 0.04000000189989805 0.0780000037048012
0 0.6920000328682363 0.6190000294009224 0.0720000034198165 0.058000002754852176
0 0.7310000347206369 0.5940000282134861 0.03000000142492354 0.06400000303983688
0 0.7610000361455604 0.5710000271210447 0.042000001994892955 0.05400000256486237
0 0.7960000378079712 0.6260000297334045 0.04000000189989805 0.11600000550970435
0 0.8330000395653769 0.6210000294959173 0.04600000218488276 0.09400000446476042
0 0.7550000358605757 0.6750000320607796 0.11400000541470945 0.03800000180490315
0 0.7160000340081751 0.7440000353381038 0.03600000170990825 0.08400000398978591
0 0.7530000357655808 0.7590000360505655 0.08600000408478081 0.03000000142492354
0 0.4800000227987766 0.6710000318707898 0.06000000284984708 0.0740000035148114
0 0.48600002308376133 0.6110000290209427 0.10000000474974513 0.03800000180490315
0 0.6260000297334045 0.7470000354805961 0.08400000398978591 0.034000001614913344
0 0.6680000317282975 0.7820000371430069 0.04800000227987766 0.04000000189989805
0 0.6710000318707898 0.8460000401828438 0.10600000503472984 0.04400000208988786
0 0.7950000377604738 0.884000041987747 0.06200000294484198 0.04800000227987766
0 0.7430000352906063 0.8630000409903005 0.06600000313483179 0.05400000256486237
0 0.7140000339131802 0.9060000430326909 0.04800000227987766 0.08400000398978591
0 0.9230000438401476 0.8010000380454585 0.050000002374872565 0.09000000427477062
0 0.8950000425102189 0.687000032630749 0.042000001994892955 0.06600000313483179
0 0.9510000451700762 0.6710000318707898 0.042000001994892955 0.0740000035148114
0 0.9100000432226807 0.5950000282609835 0.03600000170990825 0.09000000427477062
0 0.9680000459775329 0.5800000275485218 0.04400000208988786 0.09200000436976552
0 0.9510000451700762 0.6250000296859071 0.04600000218488276 0.050000002374872565
0 0.7930000376654789 0.3240000153891742 0.042000001994892955 0.08800000417977571
0 0.8120000385679305 0.24200001149438322 0.06400000303983688 0.02400000113993883
0 0.8860000420827419 0.31300001486670226 0.028000001329928637 0.0740000035148114
0 0.8940000424627215 0.2380000113043934 0.04000000189989805 0.05600000265985727
0 0.9370000445051119 0.3290000156266615 0.05400000256486237 0.03000000142492354
0 0.862000040942803 0.308000014629215 0.04800000227987766 0.04400000208988786
0 0.9030000428901985 0.38500001828651875 0.026000001234933734 0.0740000035148114
0 0.913000043365173 0.4660000221338123 0.042000001994892955 0.06000000284984708
0 0.9720000461675227 0.2920000138692558 0.03600000170990825 0.0760000036098063
0 0.9360000444576144 0.5060000240337104 0.04000000189989805 0.04400000208988786
0 0.8970000426052138 0.5240000248886645 0.03000000142492354 0.06800000322982669
0 0.9280000440776348 0.534000025363639 0.03600000170990825 0.04400000208988786
0 0.9790000465000048 0.4270000202814117 0.03800000180490315 0.0740000035148114
0 0.9530000452650711 0.3640000172890723 0.02200000104494393 0.05600000265985727
0 0.9760000463575125 0.3610000171465799 0.03200000151991844 0.04600000218488276
0 0.8950000425102189 0.38900001847650856 0.07000000332482159 0.034000001614913344
0 0.9250000439351425 0.27600001310929656 0.03000000142492354 0.06800000322982669
0 0.8560000406578183 0.23500001116190106 0.028000001329928637 0.07000000332482159
0 0.8570000407053158 0.2670000126818195 0.050000002374872565 0.050000002374872565
0 0.5420000257436186 0.18800000892952085 0.04400000208988786 0.0720000034198165
0 0.9400000446476042 0.22300001059193164 0.04400000208988786 0.04600000218488276
0 0.6430000305408612 0.5330000253161415 0.050000002374872565 0.06200000294484198
0 0.9790000465000048 0.51400002441369 0.034000001614913344 0.06400000303983688
0 0.5270000250311568 0.4070000193314627 0.03800000180490315 0.06600000313483179
0 0.687000032630749 0.5770000274060294 0.058000002754852176 0.03800000180490315
0 0.944000044837594 0.4330000205663964 0.03600000170990825 0.07000000332482159
0 0.6760000321082771 0.17400000826455653 0.06800000322982669 0.03600000170990825
0 0.8200000389479101 0.1150000054622069 0.06000000284984708 0.06200000294484198
