0 0.27016885578632355 0.0800000000745058 0.16135084442794323 0.15384615398943424
0 0.1200750470161438 0.24692307715304196 0.11257035657763481 0.22307692328467965
0 0.22138836793601513 0.25230769254267216 0.1200750470161438 0.13846153859049082
0 0.1397748594172299 0.45769230811856687 0.2645403379574418 0.09384615393355489
0 0.2842401503585279 0.49538461584597826 0.12570356484502554 0.20615384634584188
0 0.2767354599200189 0.6223076928872615 0.11444652918726206 0.24769230792298913
0 0.59287054464221 0.09538461547344923 0.15384615398943424 0.08307692315429449
0 0.4971857415512204 0.2300000002142042 0.20262664183974266 0.10923076933249831
0 0.35084427800029516 0.13000000012107193 0.13133208267390728 0.0723076923750341
0 0.5675422144122422 0.17000000015832484 0.15947467181831598 0.09384615393355489
0 0.6557223270647228 0.30307692335918546 0.08442776743322611 0.19076923094689846
0 0.6998123833909631 0.3584615387953818 0.07504690438508987 0.12000000011175871
0 0.8292682934552431 0.23615384637378156 0.09005628526210785 0.1523076924495399
0 0.7307692314498127 0.5869230774696916 0.08067542221397161 0.1923076924867928
0 0.5975609761662781 0.7223076929803938 0.144465290941298 0.17692307708784938
0 0.42964352760463953 0.6115384621080011 0.19136960618197918 0.08769230777397752
0 0.37054409040138125 0.7407692314591259 0.21951219532638788 0.08769230777397752
0 0.48311444697901607 0.33000000030733645 0.08442776743322611 0.12461538473144174
0 0.43058161390945315 0.4330769234802574 0.0919324578717351 0.170769230928272
0 0.7204502820968628 0.22000000020489097 0.09756097570061684 0.1846153847873211
