0 0.19400000921450555 0.18978102039545774 0.17200000816956162 0.25790754053741693
0 0.472000022418797 0.21167883044108748 0.27200001291930676 0.1605839403346181
0 0.7190000341506675 0.2883211656007916 0.2220000105444342 0.16301703033968806
0 0.1890000089770183 0.5559610661584884 0.17800000845454633 0.3430656907148659
0 0.30700001458171755 0.5206812610849738 0.11400000541470945 0.3600973207503557
0 0.4020000190939754 0.6021897762548178 0.10000000474974513 0.40632603084668517
0 0.6210000294959173 0.3880778558086604 0.3180000151041895 0.13868613028898835
0 0.6520000309683383 0.504866176052019 0.27600001310929656 0.15328467031940818
0 0.8360000397078693 0.5206812610849738 0.2920000138692558 0.1849148403853178
0 0.7110000337706879 0.675182476406917 0.3740000177640468 0.16301703033968806
0 0.7700000365730375 0.8114355166908354 0.28400001348927617 0.1776155703701079
0 0.29500001401174814 0.8759124018251896 0.2500000118743628 0.22871046047657728
0 0.935000044410117 0.8284671467263252 0.08600000408478081 0.09489051019772887
