0 0.37346624897327274 0.11425339861307293 0.3757668624166399 0.2104072489310056
0 0.138036806602031 0.542986448854208 0.05828220723196864 0.08597285440191627
0 0.07668711477890611 0.7907240161439404 0.07975459937006235 0.08371041086502373
0 0.18941717350389808 0.6289593032561243 0.08128834166564047 0.0950226285494864
0 0.26457054598722607 0.5339366747066379 0.053680980345234275 0.09049774147570133
0 0.36579753749538213 0.40158372779842466 0.05674846493639052 0.11990950745530427
0 0.39263802766799927 0.5180995699483901 0.06748466100543737 0.09049774147570133
0 0.2822085823863745 0.7104072705842555 0.06441717641428113 0.11764706391841173
0 0.3588956971652806 0.7760181331541389 0.061349691823124886 0.0950226285494864
0 0.5544478398514912 0.47285069921053946 0.07822085707448423 0.10407240269705653
0 0.7315950749907643 0.6685520651517436 0.1042944760993123 0.101809959160164
0 0.8642637835582718 0.12782805983442813 0.07515337248332798 0.11085973330773413
