0 0.4266666769981384 0.15371024853084236 0.08666666876524687 0.16607773979194462
0 0.5466666799038649 0.15371024853084236 0.16666667070239782 0.10954063688404858
0 0.2966666738502681 0.17844523105304688 0.1600000038743019 0.09540636115707457
0 0.2366666723974049 0.4399293320020661 0.1066666692495346 0.3003533591981977
0 0.10166666912846267 0.4434629009338096 0.11666666949167848 0.17314487765543163
0 0.041666667675599456 0.5671378135448322 0.08333333535119891 0.3710247378330678
0 0.25500000617466867 0.6978798640193418 0.15666667046025395 0.19434629124589264
0 0.16666667070239782 0.7773851649835706 0.1066666692495346 0.22614841163158417
0 0.08833333547227085 0.7650176737224683 0.09000000217929482 0.21554770483635366
0 0.35000000847503543 0.4646643145242706 0.1600000038743019 0.22261484269984066
0 0.28666667360812426 0.305653712595813 0.08000000193715096 0.1448763262014836
0 0.3533333418890834 0.3074204970616847 0.08666666876524687 0.21201413590461016
0 0.5433333464898169 0.39045936695765704 0.2000000048428774 0.17314487765543163
0 0.48666667845100164 0.5865724426694214 0.08000000193715096 0.24028268735855818
0 0.6216666817199439 0.5689045980107039 0.08333333535119891 0.21201413590461016
0 0.4516666776034981 0.7950530096422881 0.1300000031478703 0.16254417086020112
0 0.2966666738502681 0.9045936465263367 0.17333333753049374 0.1342756194062531
0 0.6683333495166153 0.8551236814819276 0.21000000508502126 0.2544169630855322
0 0.8016666860785335 0.7597173203248531 0.14333333680406213 0.24028268735855818
0 0.8883333548437804 0.7420494756661355 0.07000000169500709 0.23321554949507117
0 0.9466666895896196 0.6484098989749327 0.1000000024214387 0.3851590135600418
0 0.690000016707927 0.20494699804112315 0.1000000024214387 0.20494699804112315
0 0.7966666859574616 0.3003533591981977 0.13333333656191826 0.2544169630855322
0 0.8233333532698452 0.5759717358741909 0.14000000339001417 0.1342756194062531
0 0.6633333493955433 0.36395759996958077 0.13333333656191826 0.15547703299671412
0 0.5866666808724403 0.2508833941537887 0.18666667118668556 0.09893993008881807
0 0.12000000290572643 0.3074204970616847 0.153333337046206 0.1342756194062531
