0 0.2833333401940763 0.3472906344104558 0.23333333898335695 0.4975369372405112
0 0.5083333456423134 0.433497529476881 0.16333333728834987 0.5812807781621814
0 0.2533333394676447 0.8103448136243969 0.2066666716709733 0.3793103382922709
0 0.7216666841413826 0.44581280020065606 0.15666667046025395 0.27093595592305064
0 0.8816666880156845 0.3325123095419258 0.08333333535119891 0.35960590513423085
0 0.9516666897106916 0.3029556598048657 0.09666666900739074 0.3793103382922709
0 0.693333350121975 0.825123138492927 0.09333333559334278 0.34975368855521083
0 0.7733333520591259 0.6847290522418916 0.12000000290572643 0.36453201342374086
0 0.838333353633061 0.5566502367146313 0.09666666900739074 0.2955664973706007
0 0.92166668898426 0.6280788069125265 0.09000000217929482 0.418719204608351
