0 0.5253333277069032 0.18133333139121532 0.11999999871477485 0.12266666535288095
0 0.2326666641747579 0.32266666321083903 0.16399999824352562 0.05866666603833437
0 0.2453333307057619 0.40199999569449574 0.1359999985434115 0.06266666599549353
0 0.5346666609402746 0.34066666301805526 0.07199999922886491 0.16133333160541952
0 0.6226666599977762 0.2673333304701373 0.07999999914318323 0.14799999841488898
0 0.3619999961229041 0.4066666623111814 0.09999999892897904 0.06133333267644048
0 0.7859999915817752 0.3439999963156879 0.08399999910034239 0.11733333207666874
0 0.7519999919459224 0.46466666168998927 0.07466666586697102 0.17466666479595006
0 0.545333327492699 0.5066666612401605 0.12799999862909317 0.09333333233371377
0 0.1759999981150031 0.5433333275141194 0.09333333233371377 0.11599999875761569
0 0.20733333111274987 0.6659999928670004 0.09199999901466072 0.12933333194814622
0 0.31799999659415334 0.7193333256291226 0.12399999867193401 0.0519999994430691
0 0.40199999569449574 0.7213333256077021 0.06799999927170575 0.10666666552424431
0 0.3559999961871654 0.7653333251364529 0.0693333325907588 0.10933333216235042
0 0.6179999933810905 0.6633333262288943 0.07066666590981185 0.17466666479595006
0 0.7086666590766981 0.6846666593337432 0.12933333194814622 0.08933333237655461
