0 0.12062499730382115 0.4462499900255352 0.10874999756924808 0.08999999798834324
0 0.1343749969964847 0.4856249891454354 0.0712499984074384 0.06374999857507646
0 0.3056249931687489 0.4131249907659367 0.1262499971780926 0.11624999740161002
0 0.4968749888939783 0.19937499554362148 0.09374999790452421 0.10374999768100679
0 0.47812498931307346 0.3187499928753823 0.16374999633990228 0.08499999810010195
0 0.433749990304932 0.47624998935498297 0.042499999050050974 0.10249999770894647
0 0.4156249907100573 0.5037499887403101 0.04874999891035259 0.07749999826774001
0 0.32437499274965376 0.5068749886704609 0.13374999701045454 0.08124999818392098
0 0.23187499481718987 0.5774999870918691 0.0987499977927655 0.06249999860301614
0 0.1406249968567863 0.6143749862676486 0.11374999745748937 0.08624999807216227
0 0.3493749921908602 0.5956249866867438 0.13874999689869583 0.04874999891035259
0 0.22562499495688826 0.6787499848287553 0.15624999650754035 0.047499998938292265
0 0.5981249866308644 0.704999984242022 0.11874999734573066 0.0549999987706542
0 0.6218749861000106 0.22874999488703907 0.08374999812804163 0.10749999759718776
0 0.6343749858206138 0.3043749931966886 0.12124999728985131 0.06874999846331775
0 0.786249982425943 0.2024999954737723 0.08999999798834324 0.10249999770894647
0 0.7599999830126762 0.26749999402090907 0.1099999975413084 0.08999999798834324
0 0.743749983375892 0.3643749918555841 0.0874999980442226 0.11624999740161002
0 0.8187499816995114 0.3318749925820157 0.052499998826533556 0.11624999740161002
0 0.8468749810708687 0.32124999281950295 0.056249998742714524 0.09749999782070518
0 0.89062498009298 0.35999999195337296 0.061249998630955815 0.13499999698251486
0 0.8531249809311703 0.43124999036081135 0.04874999891035259 0.13499999698251486
0 0.7518749831942841 0.48499998915940523 0.08874999801628292 0.08499999810010195
0 0.8962499799672514 0.627499985974282 0.07249999837949872 0.12249999726191163
0 0.6337499858345836 0.8081249819369987 0.11749999737367034 0.0662499985191971
0 0.5124999885447323 0.7606249829987064 0.1149999974295497 0.056249998742714524
0 0.4743749893968925 0.8118749818531796 0.05374999879859388 0.07874999823980033
0 0.42124999058432877 0.8306249814340845 0.10499999765306711 0.061249998630955815
0 0.394999991171062 0.7749999826774001 0.08499999810010195 0.07249999837949872
0 0.29999999329447746 0.782499982509762 0.07749999826774001 0.07249999837949872
0 0.3481249922187999 0.7718749827472493 0.08624999807216227 0.04124999907799065
0 0.553749987622723 0.8393749812385067 0.04499999899417162 0.07374999835155904
0 0.5137499885167927 0.8499999810010195 0.042499999050050974 0.042499999050050974
