0 0.2119675405556336 0.21145373582839966 0.1926977641414851 0.11453744024038315
0 0.04969573917333037 0.49229072872549295 0.09533468331210315 0.33700439147651196
0 0.1501014162786305 0.3909691469743848 0.10953346593305469 0.2797356713563204
0 0.5811358887003735 0.13436122797429562 0.26977686979807913 0.15418501570820808
0 0.7849898391868919 0.11784140486270189 0.16632859641686082 0.17400880344212055
0 0.9300202616723254 0.2147577004507184 0.12373224855400622 0.2444933820515871
0 0.5801216899417341 0.3050660667940974 0.17849898152053356 0.11233479715883732
0 0.6703853794606403 0.3843612177297473 0.11967545351944864 0.23127752356231213
0 0.22515212441794574 0.699339178390801 0.13793103117495775 0.3017621021717787
0 0.39148072083480656 0.621145348995924 0.11764705600216985 0.37444932386279106
0 0.6156186464941129 0.6927312491461635 0.24949289462529123 0.17400880344212055
0 0.30425962759181857 0.8733479818329215 0.2799188573844731 0.1255506556481123
0 0.6186612427700311 0.8579294802621007 0.22312372690066695 0.18281937576830387
0 0.8346855783602223 0.8854625187814236 0.3022312300745398 0.14977972954511642
