0 0.3680000174790621 0.012000000569969416 0.05600000265985727 0.02400000113993883
0 0.3800000180490315 0.10700000508222729 0.09200000436976552 0.042000001994892955
0 0.401000019046478 0.14100000669714063 0.09000000427477062 0.03000000142492354
0 0.46500002208631486 0.17800000845454633 0.09000000427477062 0.04400000208988786
0 0.46300002199131995 0.21900001040194184 0.0740000035148114 0.042000001994892955
0 0.44300002104137093 0.26600001263432205 0.06200000294484198 0.09600000455975533
0 0.09900000470224768 0.14500000688713044 0.04600000218488276 0.050000002374872565
0 0.1850000087870285 0.1170000055572018 0.08600000408478081 0.026000001234933734
0 0.24400001158937812 0.12000000569969416 0.04800000227987766 0.0760000036098063
0 0.15700000745709985 0.14700000698212534 0.050000002374872565 0.03000000142492354
0 0.14500000688713044 0.1520000072196126 0.04600000218488276 0.05600000265985727
0 0.21600001025944948 0.17900000850204378 0.11600000550970435 0.02200000104494393
0 0.19200000911951065 0.16900000802706927 0.028000001329928637 0.07000000332482159
0 0.11200000531971455 0.22100001049693674 0.0760000036098063 0.03800000180490315
0 0.13300000631716102 0.24200001149438322 0.07000000332482159 0.04000000189989805
0 0.14200000674463809 0.2830000134417787 0.04000000189989805 0.09000000427477062
0 0.1930000091670081 0.2810000133467838 0.04600000218488276 0.0780000037048012
0 0.16100000764708966 0.3680000174790621 0.05400000256486237 0.04400000208988786
0 0.11200000531971455 0.3860000183340162 0.05600000265985727 0.0800000037997961
0 0.29700001410674304 0.3760000178590417 0.042000001994892955 0.10400000493973494
0 0.23500001116190106 0.3240000153891742 0.042000001994892955 0.09600000455975533
0 0.04600000218488276 0.22700001078192145 0.028000001329928637 0.07000000332482159
0 0.02200000104494393 0.26400001253932714 0.03200000151991844 0.06800000322982669
0 0.035000001662410796 0.2960000140592456 0.05400000256486237 0.04800000227987766
0 0.034000001614913344 0.33400001586414874 0.06000000284984708 0.03600000170990825
0 0.0370000017574057 0.36900001752655953 0.050000002374872565 0.06600000313483179
0 0.13200000626966357 0.49200002336874604 0.05200000246986747 0.0760000036098063
0 0.09800000465475023 0.5500000261235982 0.05200000246986747 0.09600000455975533
0 0.017000000807456672 0.5330000253161415 0.03000000142492354 0.07000000332482159
0 0.2790000132517889 0.5220000247936696 0.04600000218488276 0.0800000037997961
0 0.03100000147242099 0.6060000287834555 0.058000002754852176 0.04000000189989805
0 0.02400000113993883 0.6660000316333026 0.04400000208988786 0.06400000303983688
0 0.3860000183340162 0.5780000274535269 0.10400000493973494 0.06000000284984708
0 0.4870000231312588 0.5460000259336084 0.0740000035148114 0.0760000036098063
0 0.3160000150091946 0.4420000209938735 0.04800000227987766 0.0720000034198165
0 0.3310000157216564 0.4780000227037817 0.03000000142492354 0.08800000417977571
0 0.3780000179540366 0.4760000226087868 0.0800000037997961 0.04800000227987766
0 0.4680000222288072 0.42800002032890916 0.06400000303983688 0.0720000034198165
0 0.3780000179540366 0.45500002161134034 0.0800000037997961 0.03000000142492354
0 0.18800000892952085 0.6930000329157338 0.09200000436976552 0.026000001234933734
0 0.04600000218488276 0.7390000351006165 0.05600000265985727 0.05400000256486237
0 0.05100000242237002 0.7740000367630273 0.06200000294484198 0.02400000113993883
0 0.1170000055572018 0.7560000359080732 0.08200000389479101 0.03200000151991844
0 0.28000001329928637 0.7110000337706879 0.03200000151991844 0.06200000294484198
0 0.25200001196935773 0.7280000345781446 0.05600000265985727 0.04400000208988786
0 0.2610000123968348 0.7980000379029661 0.058000002754852176 0.06400000303983688
0 0.20800000987946987 0.771000036620535 0.05600000265985727 0.0740000035148114
0 0.17600000835955143 0.7640000362880528 0.04800000227987766 0.05200000246986747
0 0.18200000864453614 0.7970000378554687 0.0720000034198165 0.03800000180490315
0 0.1540000073146075 0.7920000376179814 0.09600000455975533 0.03600000170990825
0 0.12900000612717122 0.802000038092956 0.06200000294484198 0.08400000398978591
0 0.06800000322982669 0.800000037997961 0.05200000246986747 0.04400000208988786
0 0.09300000441726297 0.8400000398978591 0.08600000408478081 0.028000001329928637
0 0.16300000774208456 0.8430000400403515 0.05400000256486237 0.042000001994892955
0 0.12700000603217632 0.8700000413227826 0.08600000408478081 0.04800000227987766
0 0.20000000949949026 0.8590000408003107 0.04000000189989805 0.034000001614913344
0 0.2320000110194087 0.873000041465275 0.06800000322982669 0.03800000180490315
0 0.1970000093569979 0.9050000429851934 0.04600000218488276 0.06600000313483179
0 0.38300001819152385 0.7700000365730375 0.03800000180490315 0.0800000037997961
0 0.5210000247461721 0.7780000369530171 0.11000000522471964 0.06000000284984708
0 0.3860000183340162 0.8160000387579203 0.0800000037997961 0.02400000113993883
0 0.3470000164816156 0.8330000395653769 0.034000001614913344 0.03000000142492354
0 0.3800000180490315 0.8550000406103209 0.08800000417977571 0.03000000142492354
0 0.4790000227512792 0.8880000421777368 0.0780000037048012 0.03200000151991844
0 0.452000021468848 0.8320000395178795 0.06400000303983688 0.05200000246986747
0 0.31700001505669206 0.913000043365173 0.07000000332482159 0.050000002374872565
0 0.29900001420173794 0.9710000461200252 0.06200000294484198 0.05400000256486237
0 0.3550000168615952 0.9680000459775329 0.05400000256486237 0.06000000284984708
0 0.4310000204714015 0.9710000461200252 0.05400000256486237 0.05400000256486237
0 0.5310000252211466 0.924000043887645 0.06600000313483179 0.06000000284984708
0 0.6560000311583281 0.9400000446476042 0.0720000034198165 0.03200000151991844
0 0.4620000219438225 0.04500000213738531 0.04800000227987766 0.09000000427477062
0 0.5120000243186951 0.018000000854954123 0.0800000037997961 0.028000001329928637
0 0.5440000258386135 0.034000001614913344 0.0760000036098063 0.03600000170990825
0 0.5410000256961212 0.09700000460725278 0.08200000389479101 0.03800000180490315
0 0.5810000275960192 0.10000000474974513 0.03800000180490315 0.03600000170990825
0 0.6410000304458663 0.1170000055572018 0.050000002374872565 0.0740000035148114
0 0.585000027786009 0.14900000707712024 0.10600000503472984 0.042000001994892955
0 0.5970000283559784 0.2710000128718093 0.06600000313483179 0.042000001994892955
0 0.51400002441369 0.3240000153891742 0.06800000322982669 0.08400000398978591
0 0.6120000290684402 0.3180000151041895 0.08400000398978591 0.0720000034198165
0 0.7070000335806981 0.32800001557916403 0.05400000256486237 0.0800000037997961
0 0.7430000352906063 0.31100001477170736 0.05400000256486237 0.06200000294484198
0 0.6850000325357541 0.06600000313483179 0.05400000256486237 0.05200000246986747
0 0.6810000323457643 0.12200000579468906 0.034000001614913344 0.06000000284984708
0 0.7430000352906063 0.14500000688713044 0.05400000256486237 0.04600000218488276
0 0.7630000362405553 0.12000000569969416 0.06200000294484198 0.04800000227987766
0 0.8200000389479101 0.12000000569969416 0.06000000284984708 0.05600000265985727
0 0.8380000398028642 0.09100000432226807 0.06400000303983688 0.06200000294484198
0 0.8640000410377979 0.14500000688713044 0.05600000265985727 0.05400000256486237
0 0.8890000422252342 0.1600000075995922 0.05400000256486237 0.04400000208988786
0 0.771000036620535 0.1910000090720132 0.03800000180490315 0.03800000180490315
0 0.8270000392803922 0.18400000873953104 0.058000002754852176 0.028000001329928637
0 0.8170000388054177 0.20800000987946987 0.042000001994892955 0.028000001329928637
0 0.6520000309683383 0.4370000207563862 0.0760000036098063 0.042000001994892955
0 0.605000028735958 0.5160000245086849 0.042000001994892955 0.08400000398978591
0 0.7310000347206369 0.5040000239387155 0.09000000427477062 0.028000001329928637
0 0.8100000384729356 0.5130000243661925 0.06000000284984708 0.04600000218488276
0 0.7570000359555706 0.5310000252211466 0.0780000037048012 0.042000001994892955
0 0.6820000323932618 0.5720000271685421 0.04800000227987766 0.03600000170990825
0 0.658000031253323 0.6310000299708918 0.04000000189989805 0.0780000037048012
0 0.6920000328682363 0.6170000293059275 0.0720000034198165 0.058000002754852176
0 0.7310000347206369 0.5920000281184912 0.03000000142492354 0.06400000303983688
0 0.7610000361455604 0.5690000270260498 0.042000001994892955 0.05400000256486237
0 0.7960000378079712 0.6240000296384096 0.04000000189989805 0.11600000550970435
0 0.8330000395653769 0.6190000294009224 0.04600000218488276 0.09400000446476042
0 0.7550000358605757 0.6730000319657847 0.11400000541470945 0.03800000180490315
0 0.7160000340081751 0.7420000352431089 0.03600000170990825 0.08400000398978591
0 0.7530000357655808 0.7570000359555706 0.08600000408478081 0.03000000142492354
0 0.4800000227987766 0.6690000317757949 0.06000000284984708 0.0740000035148114
0 0.48600002308376133 0.6090000289259478 0.10000000474974513 0.03800000180490315
0 0.6260000297334045 0.7450000353856012 0.08400000398978591 0.034000001614913344
0 0.6680000317282975 0.780000037048012 0.04800000227987766 0.04000000189989805
0 0.6710000318707898 0.8440000400878489 0.10600000503472984 0.04400000208988786
0 0.7950000377604738 0.882000041892752 0.06200000294484198 0.04800000227987766
0 0.7430000352906063 0.8610000408953056 0.06600000313483179 0.05400000256486237
0 0.7140000339131802 0.904000042937696 0.04800000227987766 0.08400000398978591
0 0.9230000438401476 0.7990000379504636 0.050000002374872565 0.09000000427477062
0 0.8950000425102189 0.6850000325357541 0.042000001994892955 0.06600000313483179
0 0.9510000451700762 0.6690000317757949 0.042000001994892955 0.0740000035148114
0 0.9100000432226807 0.5930000281659886 0.03600000170990825 0.09000000427477062
0 0.9680000459775329 0.5780000274535269 0.04400000208988786 0.09200000436976552
0 0.9510000451700762 0.6230000295909122 0.04600000218488276 0.050000002374872565
0 0.7930000376654789 0.3220000152941793 0.042000001994892955 0.08800000417977571
0 0.8120000385679305 0.2400000113993883 0.06400000303983688 0.02400000113993883
0 0.8860000420827419 0.31100001477170736 0.028000001329928637 0.0740000035148114
0 0.8940000424627215 0.2360000112093985 0.04000000189989805 0.05600000265985727
0 0.9370000445051119 0.3270000155316666 0.05400000256486237 0.03000000142492354
0 0.862000040942803 0.3060000145342201 0.04800000227987766 0.04400000208988786
0 0.9030000428901985 0.38300001819152385 0.026000001234933734 0.0740000035148114
0 0.913000043365173 0.4640000220388174 0.042000001994892955 0.06000000284984708
0 0.9720000461675227 0.2900000137742609 0.03600000170990825 0.0760000036098063
0 0.9360000444576144 0.5040000239387155 0.04000000189989805 0.04400000208988786
0 0.8970000426052138 0.5220000247936696 0.03000000142492354 0.06800000322982669
0 0.9280000440776348 0.5320000252686441 0.03600000170990825 0.04400000208988786
0 0.9790000465000048 0.4250000201864168 0.03800000180490315 0.0740000035148114
0 0.9530000452650711 0.3620000171940774 0.02200000104494393 0.05600000265985727
0 0.9760000463575125 0.359000017051585 0.03200000151991844 0.04600000218488276
0 0.8950000425102189 0.38700001838151366 0.07000000332482159 0.034000001614913344
0 0.9250000439351425 0.27400001301430166 0.03000000142492354 0.06800000322982669
0 0.8560000406578183 0.23300001106690615 0.028000001329928637 0.07000000332482159
0 0.8570000407053158 0.2650000125868246 0.050000002374872565 0.050000002374872565
0 0.5420000257436186 0.18600000883452594 0.04400000208988786 0.0720000034198165
0 0.9400000446476042 0.22100001049693674 0.04400000208988786 0.04600000218488276
0 0.6430000305408612 0.5310000252211466 0.050000002374872565 0.06200000294484198
0 0.9790000465000048 0.5120000243186951 0.034000001614913344 0.06400000303983688
0 0.5270000250311568 0.4050000192364678 0.03800000180490315 0.06600000313483179
0 0.687000032630749 0.5750000273110345 0.058000002754852176 0.03800000180490315
0 0.944000044837594 0.4310000204714015 0.03600000170990825 0.07000000332482159
0 0.6760000321082771 0.17200000816956162 0.06800000322982669 0.03600000170990825
0 0.8200000389479101 0.113000005367212 0.06000000284984708 0.06200000294484198
