0 0.1066919190925546 0.27503168350085616 0.14772727258969098 0.3802281338721514
0 0.4873737369198352 0.1634980975650251 0.28535353508777916 0.25855513103306293
0 0.3535353532060981 0.4930291469208896 0.26515151490457356 0.3092522155493498
0 0.5593434338225052 0.5456273721065372 0.15404040389694273 0.2598225581459701
0 0.5170454540639184 0.7591888406313956 0.35227272694464773 0.22306717187166214
0 0.38194444408873096 0.8403041758574545 0.2967171714408323 0.25348542258143425
0 0.7342171710333787 0.5304182467516512 0.1654040402499959 0.5538656483404338
0 0.8680555547471158 0.6121672955341637 0.09722222213167697 0.4106463845819235
0 0.9450757566955872 0.5906210346147418 0.10984848474618047 0.37769327964633703
0 0.9172979789436795 0.9264892195351422 0.15782828268129379 0.14702154509723186
