0 0.0841995847877115 0.39012095611542463 0.13513513607904315 0.26814515329897404
0 0.20582120725885034 0.22278225142508745 0.1330561339855194 0.23991934768855572
0 0.3586278611328453 0.24294354114681482 0.11434511514380574 0.18346773646771908
0 0.29002079204656184 0.4546370832249522 0.1434511444531381 0.22379031591117382
0 0.16424116538837552 0.5977822402492166 0.19126819260418415 0.13911289907991886
0 0.3024948046077043 0.648185464553535 0.16424116538837552 0.07459677197039127
0 0.42619542917236686 0.6048386916518211 0.17047817166894674 0.07661290094256401
0 0.39812890090979636 0.45362901873886585 0.08939709002152085 0.21370967105031013
0 0.5384615422226489 0.5110886944457889 0.21205821353942156 0.12298386730253696
0 0.5415800453629345 0.5877015953883529 0.1226611235179007 0.15524193085730076
0 0.3024948046077043 0.7237903010100126 0.168399169575423 0.11290322244167328
0 0.42307692603208125 0.7721773963421583 0.11434511514380574 0.19758063927292824
0 0.5176715212874115 0.7852822346612811 0.16216216329485178 0.10685483552515507
0 0.5322245359420776 0.8770161028951406 0.10395010467618704 0.16129031777381897
0 0.6694386741146445 0.6965725598856807 0.1372141381725669 0.1310483831912279
0 0.729729734826833 0.7620967514812946 0.14553014654666185 0.07258064299821854
0 0.7401247452944517 0.8306451365351677 0.2536382554098964 0.08870967477560043
0 0.8523908583447337 0.6008064337074757 0.16216216329485178 0.1088709644973278
0 0.7796257850714028 0.6381048196926713 0.10810810886323452 0.22379031591117382
0 0.9095634159166366 0.3941532140597701 0.11018711095675826 0.15927418880164623
0 0.7515592568088323 0.25806450843811035 0.1018711025826633 0.2016128972172737
0 0.5966736008413136 0.053427417762577534 0.20790020935237408 0.0866935458034277
0 0.6943866992369294 0.11491935141384602 0.16216216329485178 0.07258064299821854
0 0.5893970935139805 0.15927418880164623 0.16008316120132804 0.10080644860863686
0 0.6392931437585503 0.33467740938067436 0.09771309839561582 0.14516128599643707
0 0.4979210013989359 0.3820564402267337 0.1268191277049482 0.1310483831912279
0 0.4802494836039841 0.3104838617146015 0.10810810886323452 0.11693548038601875
0 0.8004158060066402 0.40524192340672016 0.12474012561142445 0.15322580188512802
0 0.6746361793484539 0.5584677252918482 0.17255717376247048 0.15322580188512802
0 0.7359667411074042 0.8266128785908222 0.2536382554098964 0.08870967477560043
0 0.7318087369203568 0.8225806206464767 0.2536382554098964 0.08870967477560043
0 0.7245322295930237 0.7560483645647764 0.168399169575423 0.08467741683125496
