0 0.1062906738370657 0.4859484574990347 0.10845987126231194 0.3676814835052937
0 0.28958785627037287 0.4601873344508931 0.11062906868755817 0.203747064108029
0 0.21475054509937763 0.546838384703733 0.16052060946822166 0.11943793413229287
0 0.3806941481307149 0.396955486969091 0.1843817811459303 0.11007025302387774
0 0.4598698541522026 0.27751755283679813 0.19522776827216148 0.10538641246967018
0 0.5336225666105747 0.3934426065534353 0.1518438197672367 0.1920374627225101
0 0.6073752790689468 0.5538641455350444 0.18655097857117653 0.12412177468650043
0 0.2809110665693879 0.6580795978661627 0.19305857084691525 0.07962528942152858
0 0.2700650794431567 0.8103044158779085 0.14967462234199047 0.21545666549354792
0 0.4208243004977703 0.8302107382332906 0.11279826611280441 0.2177985857706517
0 0.5336225666105747 0.7131147243781015 0.25596529617905617 0.15690865856595337
0 0.4132321095094085 0.5421545441495255 0.1236442532390356 0.19906322355382144
0 0.6691974056884646 0.8606557018356398 0.3015184421092272 0.1522248180117458
0 0.917570510879159 0.5714285476133227 0.10845987126231194 0.2950819549150765
0 0.7603036975488067 0.5538641455350444 0.09327548928558826 0.24121778854168952
0 0.799349251203239 0.6065573517698795 0.08459869958460331 0.22482434660196304
0 0.7603036975488067 0.3454332408728078 0.17136659659445286 0.09133489080704749
0 0.6561822211369872 0.27751755283679813 0.10195227898657322 0.13817329634912312
0 0.4078091159462929 0.06674472789745778 0.21691974252462387 0.08196720969863236
