0 0.06276041993987747 0.09907407232094556 0.06614583678310737 0.16759258962702006
0 0.18372396791528445 0.02199074035161175 0.1018229219771456 0.0439814807032235
0 0.21354167780373245 0.09814814641140401 0.06406250334111974 0.13148147915489972
0 0.3632812689465936 0.06944444321561605 0.06406250334111974 0.11574073869269341
0 0.16536459195776843 0.2583333287620917 0.05208333604969084 0.07314814685378224
0 0.1441406325175194 0.28912036525434814 0.03567708519403823 0.12731481256196275
0 0.1445312575378921 0.4655092510220129 0.07812500407453626 0.12916666438104585
0 0.026302084705093876 0.35578703074133955 0.041145835479255766 0.12546296074287966
0 0.6416667001321912 0.10486110925558023 0.08906250464497134 0.15601851575775072
0 0.399609395841253 0.15023147882311605 0.07578125395230018 0.06527777662267908
0 0.5162760685925605 0.11365740539622493 0.0898437546857167 0.10787036846159026
0 0.48203127513988875 0.24004629204864614 0.0802083375165239 0.12546296074287966
0 0.4207031469413778 0.18773147815954871 0.05755208633490838 0.0597222211654298
0 0.24075522088969592 0.31898147583706304 0.05755208633490838 0.06759259139653295
0 0.27213543085963465 0.2407407364808023 0.027083334745839238 0.11574073869269341
0 0.3154948081210023 0.2604166620585602 0.06171875321888365 0.057870369346346706
0 0.3351562674797606 0.29398147627944127 0.07916667079553008 0.04814814729616046
0 0.39752606239926536 0.3439814753946848 0.08463542108074762 0.06759259139653295
0 0.3876302285498241 0.4249999924795702 0.09973958853515796 0.07129629503469914
0 0.2618489719898207 0.43865739964530803 0.04765625248546712 0.12546296074287966
0 0.04856771086633671 0.6363425813324284 0.059635419776896015 0.10416666482342407
0 0.04270833556074649 0.7145833206886891 0.07604167063254863 0.06342592480359599
0 0.12018229793466162 0.8166666522156447 0.06848958690534346 0.1333333309739828
0 0.26289063871081453 0.692361098859692 0.06953125362633727 0.0773148134467192
0 0.27643230608373415 0.7868055416329298 0.10755208894261159 0.08101851708488539
0 0.17890625933068804 0.9451388721645344 0.1052083388203755 0.057870369346346706
0 0.7778646239021327 0.1986111075966619 0.11822917283279821 0.1194444423308596
0 0.7614583730464801 0.03657407342689112 0.09427083824994043 0.06944444321561605
0 0.854296919555054 0.07222222094424069 0.07369792051031254 0.1175925905117765
0 0.9660156753816409 0.16273147860192694 0.06276041993987747 0.17175925621995702
0 0.9705729672859889 0.4395833255548496 0.05677083629416302 0.12361110892379656
0 0.5640625294181518 0.351851845625788 0.09218750480795279 0.07499999867286533
0 0.3914062704134267 0.5516203606093768 0.07916667079553008 0.10787036846159026
0 0.40937502135057 0.7030092468194198 0.10000000521540642 0.10601851664250717
0 0.5949219060275936 0.5138888797955588 0.049739585927454755 0.1212962941499427
0 0.5904948224633699 0.4502314735145774 0.0585937530559022 0.0597222211654298
0 0.4713541912497021 0.6025462856341619 0.03906250203726813 0.10972222028067335
0 0.5053385680221254 0.6962962839752436 0.046614585764473304 0.11574073869269341
0 0.5287760692444863 0.777314801060129 0.1085937556636054 0.07314814685378224
0 0.3899739786720602 0.8717592438333668 0.0585937530559022 0.09999999823048711
0 0.4424479397421237 0.8388888740446419 0.05520833621267229 0.1351851827930659
0 0.5736979465873446 0.8756944289489184 0.04010416875826195 0.13101851620012894
0 0.712109412139398 0.7115740614826791 0.07578125395230018 0.07685185049194843
0 0.6670573264564155 0.5699073973228224 0.08567708780174144 0.11018518323544413
0 0.7772135822015116 0.555324064247543 0.043489585601491854 0.14675925666233525
0 0.8152344175177859 0.5986111005186103 0.030468751589069143 0.09814814641140401
0 0.9009115053195274 0.7337962833116762 0.06953125362633727 0.09444444277323782
0 0.6562500342261046 0.861111095873639 0.05520833621267229 0.17962962645106018
0 0.7468750389525667 0.8824073917930946 0.05208333604969084 0.1564814787125215
0 0.5125000267289579 0.9703703531995416 0.05000000260770321 0.05833333230111748
0 0.7122396204795223 0.35763888256042264 0.07812500407453626 0.05231481388909742
0 0.6677083681570366 0.3055555501487106 0.06302083662012592 0.11018518323544413
0 0.8959635883948067 0.8226851706276648 0.03151041831006296 0.1175925905117765
0 0.9700521339254919 0.7974536895926576 0.057812503015156835 0.10601851664250717
0 0.9421875491389073 0.8921296138432808 0.07812500407453626 0.09074073913507164
0 0.5835937804367859 0.6479166552016977 0.05520833621267229 0.09675925754709169
