0 0.6450000306358561 0.21700001030694693 0.1500000071246177 0.0740000035148114
0 0.5600000265985727 0.2010000095469877 0.05200000246986747 0.17800000845454633
0 0.4810000228462741 0.1560000074096024 0.13400000636465847 0.0720000034198165
0 0.4800000227987766 0.24700001173187047 0.08400000398978591 0.11000000522471964
0 0.43200002051889896 0.2630000124918297 0.05200000246986747 0.10600000503472984
0 0.3780000179540366 0.1990000094519928 0.10000000474974513 0.050000002374872565
0 0.29300001391675323 0.20400000968948007 0.06600000313483179 0.04800000227987766
0 0.3660000173840672 0.25400001206435263 0.0720000034198165 0.06400000303983688
0 0.31100001477170736 0.24400001158937812 0.0780000037048012 0.0720000034198165
0 0.2980000141542405 0.2890000137267634 0.0800000037997961 0.09400000446476042
0 0.24700001173187047 0.26000001234933734 0.05400000256486237 0.09600000455975533
0 0.20200000959448516 0.36000001709908247 0.08400000398978591 0.11600000550970435
0 0.3270000155316666 0.3820000181440264 0.18200000864453614 0.0720000034198165
0 0.277000013156794 0.4420000209938735 0.1580000075045973 0.0800000037997961
0 0.19800000940449536 0.48400002298876643 0.18400000873953104 0.0720000034198165
0 0.20000000949949026 0.5510000261710957 0.10000000474974513 0.11400000541470945
0 0.17800000845454633 0.627000029780902 0.13200000626966357 0.13000000617466867
0 0.4250000201864168 0.5640000267885625 0.08200000389479101 0.09600000455975533
0 0.4000000189989805 0.6590000313008204 0.0800000037997961 0.19000000902451575
0 0.27800001320429146 0.7410000351956114 0.1600000075995922 0.06600000313483179
0 0.3410000161966309 0.7830000371905044 0.19400000921450555 0.058000002754852176
0 0.4780000227037817 0.6990000332007185 0.0720000034198165 0.18600000883452594
0 0.534000025363639 0.6200000294484198 0.08400000398978591 0.12000000569969416
0 0.7260000344831496 0.33600001595914364 0.09200000436976552 0.09200000436976552
0 0.6900000327732414 0.3640000172890723 0.0760000036098063 0.08800000417977571
0 0.6380000303033739 0.4020000190939754 0.08400000398978591 0.0800000037997961
0 0.7650000363355502 0.4660000221338123 0.08600000408478081 0.0720000034198165
0 0.7450000353856012 0.3960000188089907 0.07000000332482159 0.0760000036098063
0 0.7510000356705859 0.49200002336874604 0.0780000037048012 0.05200000246986747
0 0.7590000360505655 0.5320000252686441 0.07000000332482159 0.05200000246986747
0 0.6920000328682363 0.5390000256011263 0.0720000034198165 0.08200000389479101
0 0.8440000400878489 0.4420000209938735 0.0760000036098063 0.10800000512972474
0 0.8170000388054177 0.5350000254111364 0.050000002374872565 0.06600000313483179
0 0.8540000405628234 0.5590000265510753 0.0800000037997961 0.05400000256486237
0 0.853000040515326 0.6150000292109326 0.0780000037048012 0.0780000037048012
0 0.7270000345306471 0.5710000271210447 0.0740000035148114 0.07000000332482159
0 0.6010000285459682 0.6770000321557745 0.050000002374872565 0.08200000389479101
0 0.6510000309208408 0.605000028735958 0.058000002754852176 0.12200000579468906
0 0.6040000286884606 0.5580000265035778 0.08800000417977571 0.12400000588968396
0 0.6230000295909122 0.7320000347681344 0.08200000389479101 0.09200000436976552
0 0.5210000247461721 0.8390000398503616 0.09800000465475023 0.10200000484474003
0 0.6060000287834555 0.8330000395653769 0.10800000512972474 0.09400000446476042
0 0.689000032725744 0.7670000364305452 0.0780000037048012 0.12200000579468906
0 0.7840000372380018 0.6920000328682363 0.05600000265985727 0.09200000436976552
