0 0.017857142520369962 0.12328767031431198 0.033783783146645874 0.04794520512223244
0 0.016891891573322937 0.26626712130382657 0.031853281252551824 0.05308219138532877
0 0.026061775570269674 0.30393835389986634 0.038610037881881 0.04623287636786699
0 0.08059845407842658 0.29880136763677 0.026061775570269674 0.042808218859136105
0 0.09990347301936708 0.33133561396971345 0.033783783146645874 0.03595890384167433
0 0.0308880303055048 0.49828766752034426 0.02895752841141075 0.04452054761350155
0 0.16312741005094722 0.23886986123397946 0.0231660227291286 0.039383561350405216
0 0.22490347066195682 0.06421232828870416 0.0424710416700691 0.09417808149009943
0 0.0965250947047025 0.04965753387659788 0.11776061553973705 0.07191780768334866
0 0.02557915009674616 0.17208903981372714 0.04922779829939827 0.1044520540162921
0 0.14816602037171833 0.3253424633294344 0.035714285040739924 0.08561643771827221
0 0.10666022964869626 0.4272260242141783 0.026061775570269674 0.08390410896390676
0 0.135617758060107 0.40839040791615844 0.04343629261711612 0.07705479394644499
0 0.06225868608453311 0.4503424623981118 0.07818532671080902 0.10616438277065754
0 0.02557915009674616 0.5624999958090484 0.04729729640530422 0.08390410896390676
0 0.06467181345215067 0.5196917769499123 0.0308880303055048 0.0736301364377141
0 0.0463320454582572 0.6575342416763306 0.0308880303055048 0.054794520139694214
0 0.034266408620169386 0.690068488009274 0.039575288828928024 0.04452054761350155
0 0.041988416196545586 0.6917808167636395 0.08204633049899712 0.2636986281722784
0 0.03330115767312236 0.9169520479626954 0.041505790723022074 0.05650684889405966
0 0.09942084754584357 0.7285958849824965 0.0424710416700691 0.04623287636786699
0 0.10907335701631382 0.8099315008148551 0.0308880303055048 0.07191780768334866
0 0.08687258523423225 0.8467465690337121 0.04440154356416315 0.05650684889405966
0 0.1428571401629597 0.7619862956926227 0.04826254735235125 0.06506849266588688
0 0.14575289300410077 0.7131849261932075 0.0540540530346334 0.0736301364377141
0 0.14527026753057726 0.6669520498253405 0.05694980587577447 0.03253424633294344
0 0.16940154120675288 0.622431502211839 0.05115830019349232 0.042808218859136105
0 0.16071428268332966 0.5941780777648091 0.06274131155805662 0.02397260256111622
0 0.13610038353363052 0.6078767077997327 0.0424710416700691 0.06506849266588688
0 0.1428571401629597 0.560787667054683 0.06370656250510365 0.039383561350405216
0 0.10907335701631382 0.5479452013969421 0.02123552083503455 0.034246575087308884
0 0.13223937974544242 0.5154109550639987 0.06370656250510365 0.030821917578577995
0 0.13079150332487188 0.47945205122232437 0.06081080966396257 0.04794520512223244
0 0.2437258641293738 0.20804794365540147 0.05115830019349232 0.059931506402790546
0 0.22972972539719194 0.26969177881255746 0.04054053977597505 0.042808218859136105
0 0.2239382197149098 0.3416095864959061 0.03667953598778695 0.04623287636786699
0 0.1973938186711166 0.329623285215348 0.035714285040739924 0.059931506402790546
0 0.20608107719453983 0.4032534216530621 0.06467181345215067 0.042808218859136105
0 0.22635134708252735 0.43236301047727466 0.05501930398168042 0.03595890384167433
0 0.21959459045319818 0.43236301047727466 0.15733590436866507 0.20376712176948786
0 0.3219111908401828 0.3184931483119726 0.05115830019349232 0.08561643771827221
0 0.3006756700051483 0.2636986281722784 0.035714285040739924 0.04109589010477066
0 0.36196910514263436 0.2508561625145376 0.05984555871691555 0.05650684889405966
0 0.3832046259776689 0.18835616298019886 0.02895752841141075 0.07191780768334866
0 0.3822393750306219 0.1429794509895146 0.03667953598778695 0.059931506402790546
0 0.3986486411304213 0.10530821839347482 0.0270270265173167 0.059931506402790546
0 0.4203667874389794 0.051369862630963326 0.026061775570269674 0.04794520512223244
0 0.4362934280652553 0.09589041024446487 0.0193050189409405 0.0582191776484251
0 0.41167952891555615 0.14126712223514915 0.035714285040739924 0.042808218859136105
0 0.4416023082740139 0.24315068311989307 0.04536679451121017 0.07534246519207954
0 0.4406370573269669 0.3022260251455009 0.039575288828928024 0.05650684889405966
0 0.3875482552393805 0.2876712307333946 0.031853281252551824 0.06506849266588688
0 0.40444014681270346 0.33904109336435795 0.0270270265173167 0.09589041024446487
0 0.3711389891395811 0.37071917532011867 0.026061775570269674 0.09417808149009943
0 0.3354247040988412 0.4109589010477066 0.07625482481671497 0.07534246519207954
0 0.40347489586565644 0.4023972572758794 0.0270270265173167 0.0582191776484251
0 0.42422779122716747 0.40154109289869666 0.033783783146645874 0.07020547892898321
0 0.3793436221894808 0.5034246537834406 0.11776061553973705 0.0582191776484251
0 0.23793435844709165 0.5599315026775002 0.06467181345215067 0.06506849266588688
0 0.30019304453162476 0.5385273932479322 0.04440154356416315 0.05650684889405966
0 0.328667947469512 0.5881849271245301 0.037644786934833974 0.07705479394644499
0 0.2833011529583018 0.48287670873105526 0.04729729640530422 0.04452054761350155
0 0.3315637003106531 0.4143835585564375 0.06274131155805662 0.07191780768334866
0 0.3320463257841766 0.4640410924330354 0.0888030871283263 0.054794520139694214
0 0.2755791453819256 0.6258561597205698 0.027992277464363724 0.08047945145517588
0 0.3093629285285715 0.637842461001128 0.04536679451121017 0.04965753387659788
0 0.3518339701986406 0.7003424605354667 0.024131273676175624 0.09246575273573399
0 0.2707528906466905 0.6969178030267358 0.04536679451121017 0.054794520139694214
0 0.2471042424440384 0.7397260218858719 0.05598455492872745 0.054794520139694214
0 0.22876447445014492 0.6678082142025232 0.0579150568228215 0.11301369778811932
0 0.21476833571796305 0.7636986244469881 0.04729729640530422 0.06506849266588688
0 0.23696910750004463 0.8176369802094996 0.06081080966396257 0.0736301364377141
0 0.24565636602346785 0.8476027334108949 0.12451737216906622 0.10958904027938843
0 0.1621621591039002 0.9434931436553597 0.0347490340936929 0.09589041024446487
0 0.24517374054994434 0.9160958835855126 0.0579150568228215 0.07191780768334866
0 0.2895752841141075 0.9152397192083299 0.02509652462322265 0.05308219138532877
0 0.3257721946283709 0.9178082123398781 0.04729729640530422 0.13013698533177376
0 0.38899613165995106 0.8638698565773666 0.0270270265173167 0.08047945145517588
0 0.3832046259776689 0.9349314998835325 0.03667953598778695 0.06849315017461777
0 0.4140926562831737 0.9666095818392932 0.0656370643991977 0.04623287636786699
0 0.4995173650968354 0.9263698561117053 0.09169883996946737 0.12328767031431198
0 0.5839768229634501 0.9409246505238116 0.0965250947047025 0.09075342398136854
0 0.4995173650968354 0.30479451827704906 0.035714285040739924 0.13698630034923553
0 0.5323358972964343 0.24999999813735485 0.035714285040739924 0.06849315017461777
0 0.5738416880194563 0.40068492852151394 0.10521235322812572 0.21917808055877686
0 0.6332046212628484 0.329623285215348 0.038610037881881 0.059931506402790546
0 0.6158301042160019 0.40924657229334116 0.0617760606110096 0.07534246519207954
0 0.6616795242007356 0.4186643804423511 0.035714285040739924 0.11472602654248476
0 0.6438223816803657 0.4734589005820453 0.115830113645643 0.06678082142025232
0 0.5255791406671051 0.514554790686816 0.09942084754584357 0.07705479394644499
0 0.44256755922106095 0.5385273932479322 0.07625482481671497 0.042808218859136105
0 0.36969111271901056 0.6095890365540981 0.0424710416700691 0.11986301280558109
0 0.4169884091243148 0.5993150640279055 0.02123552083503455 0.09931506775319576
0 0.48069497162941843 0.6035958859138191 0.0810810795519501 0.1010273965075612
0 0.4184362855448853 0.6446917760185897 0.07625482481671497 0.05308219138532877
0 0.4015443939715624 0.6703767073340714 0.07528957386966795 0.042808218859136105
0 0.43146717333002016 0.7234588987194002 0.0617760606110096 0.04965753387659788
0 0.4025096449186094 0.7474315012805164 0.0540540530346334 0.042808218859136105
0 0.40395752133917995 0.7816780763678253 0.06467181345215067 0.04965753387659788
0 0.5704633097047918 0.7320205424912274 0.0347490340936929 0.059931506402790546
0 0.5347490246640518 0.6909246523864567 0.07915057765785605 0.042808218859136105
0 0.48600385183817707 0.674657529219985 0.05115830019349232 0.04452054761350155
0 0.5632239276019391 0.6275684884749353 0.04922779829939827 0.09417808149009943
0 0.5521235417108983 0.6215753378346562 0.10617760417517275 0.06506849266588688
0 0.6264478646335192 0.6198630090802908 0.07142857008147985 0.08561643771827221
0 0.7471042330143973 0.6635273923166096 0.1737451704684645 0.14897260162979364
0 0.8190154285694007 0.43150684610009193 0.037644786934833974 0.07876712270081043
0 0.8397683239309117 0.4760273937135935 0.03667953598778695 0.04794520512223244
0 0.8426640767720528 0.5256849275901914 0.0656370643991977 0.06506849266588688
0 0.7611003717465792 0.514554790686816 0.05115830019349232 0.04623287636786699
0 0.870173728762893 0.6857876661233604 0.041505790723022074 0.03595890384167433
0 0.8339768182486296 0.7645547888241708 0.05984555871691555 0.05650684889405966
0 0.7210424574441276 0.8570205415599048 0.1389961363747716 0.15582191664725542
0 0.5487451633962337 0.8022260214202106 0.027992277464363724 0.12157534155994654
0 0.5704633097047918 0.8073630076833069 0.0540540530346334 0.08047945145517588
0 0.5984555871691555 0.8082191720604897 0.07142857008147985 0.10273972526192665
0 0.9367760441091377 0.9255136917345226 0.11679536459269002 0.12499999906867743
0 0.9536679356824607 0.6618150635622442 0.05598455492872745 0.1284246565774083
0 0.08832046165480278 0.7354451999999583 0.04343629261711612 0.11815068405121565
0 0.41891891101840883 0.4537671199068427 0.1003860984928906 0.0582191776484251
0 0.4681467093178071 0.37842465471476316 0.0308880303055048 0.07876712270081043
0 0.4956563613086473 0.3869862984865904 0.05501930398168042 0.10273972526192665
0 0.5921814560133498 0.30479451827704906 0.07818532671080902 0.13356164284050465
0 0.3170849361049477 0.6849315017461777 0.05694980587577447 0.051369862630963326
0 0.10231660038698465 0.7337328712455928 0.0463320454582572 0.042808218859136105
0 0.15781852984218858 0.7910958845168352 0.06081080966396257 0.16438356041908264
