0 0.4688914230209775 0.16346154257189482 0.16402715642470866 0.1483516520820558
0 0.6623303454252891 0.09684066177578643 0.15497738227713853 0.09752747497987002
0 0.7188914338476025 0.2060439612250775 0.0984162938548252 0.13461538800038397
0 0.35576924617635086 0.3166208870825358 0.11425339861307293 0.11675824469421059
0 0.40837105840910226 0.4725274844095111 0.1289592816028744 0.10164835420437157
0 0.23529412783682346 0.509615397430025 0.14027149928733706 0.0906593429390341
0 0.2443439019843936 0.6634615551447496 0.09728507208637893 0.18681319151073694
0 0.36368779855547473 0.7197802378796041 0.15497738227713853 0.0989011013880372
0 0.5124434611061588 0.5679945197771303 0.1289592816028744 0.1414835200412199
0 0.5871040978236124 0.40865385642973706 0.1221719509921968 0.11126373906154186
0 0.6153846420347691 0.2967033041641116 0.14705882989801466 0.07967033167369664
0 0.7952489032177255 0.26854396279668435 0.05656108842231333 0.1991758291842416
0 0.8602941549033858 0.2548076987150125 0.0916289632441476 0.1579670369392261
0 0.7324660950689577 0.4072802300215699 0.10067873739171773 0.10302198061253875
0 0.7092760488158092 0.49931319936877117 0.1085972897708416 0.06456044118385762
0 0.6843891699099913 0.561813200940378 0.12443439452908933 0.08516483730636537
0 0.6589366801199503 0.6270604553283192 0.0916289632441476 0.05357142991852015
0 0.6476244624354877 0.7026099077775143 0.118778285686858 0.07280219963286072
0 0.5995475372765213 0.7479395792470314 0.10407240269705653 0.06456044118385762
0 0.46097287064185366 0.8440934278187342 0.14819005166646093 0.08379121089819819
0 0.6289593032561243 0.8021978223696351 0.12669683806598186 0.06043956195935607
0 0.7138009358895943 0.8152472732472233 0.0746606367174536 0.10302198061253875
0 0.7533936977852136 0.6868132040835917 0.1153846203815192 0.11813187110237777
0 0.8619909875560552 0.6971154021448456 0.09954751562327147 0.09478022216353565
0 0.9264706283574924 0.5295329803484492 0.08371041086502373 0.18818681791890413
