0 0.1362467862199992 0.19923857459798455 0.12339331582188606 0.3426395868882537
0 0.2930591250769794 0.06979695288464427 0.10282776318490505 0.1345177637413144
0 0.37660668266471475 0.02284263912588358 0.07455012830905616 0.04060913622379303
0 0.677377889980562 0.13324872823432088 0.2853470428381115 0.20050761010497808
0 0.4575835461728275 0.19543146807700396 0.25706940796226263 0.13197969272732735
0 0.2853470428381115 0.28172588255256414 0.1079691513441503 0.28934009559452534
0 0.16452442109584808 0.434010143391788 0.27763496059924364 0.09644669853150845
0 0.4485861168941483 0.3502537999302149 0.18251927965320647 0.13705583475530148
0 0.6066838027909398 0.42005075281485915 0.14910025661811233 0.09390862751752138
0 0.8367609229171649 0.3857867941260338 0.2236503849271685 0.17258882895112038
0 0.44473007577471435 0.4543147115036845 0.2159383026883006 0.07614213041961193
0 0.48200513992924243 0.5088832383044064 0.20822622044943273 0.05837563332170248
0 0.16066837997641414 0.5672588716261089 0.3110539836343378 0.17512689996510744
0 0.22107969084754586 0.6878172447904944 0.2930591250769794 0.11167512461543083
0 0.26735218428075314 0.8527918606996536 0.15424164477735758 0.25888324342668056
0 0.4113110527396202 0.6395938955247402 0.08226221054792404 0.23857867531478405
0 0.48329048696905375 0.6256345049478114 0.08226221054792404 0.18020304199308157
0 0.5655526975169778 0.6535532861016691 0.1079691513441503 0.18020304199308157
0 0.7660668357275426 0.569796942640096 0.24164524348452687 0.09390862751752138
0 0.6503856021445245 0.6725888187065721 0.1079691513441503 0.2131979651749134
0 0.4794344458496198 0.7588832331821322 0.12082262174226344 0.09644669853150845
0 0.553984574158676 0.7791878012940288 0.07455012830905616 0.10152284055948257
0 0.6259640083881095 0.8159898309968412 0.13110539806075394 0.078680201433599
