0 0.4316770266741514 0.2993421074934304 0.07453416287899017 0.1513157906010747
0 0.20186335779726505 0.5641447410453111 0.09937888383865356 0.1282894746400416
0 0.3027950366958976 0.46710526663810015 0.10248447395861149 0.0855263164266944
0 0.3711180193349719 0.5164473722688854 0.059006212279200554 0.0855263164266944
0 0.40527951065450907 0.6250000046566129 0.13354037515819073 0.09868421126157045
0 0.43478261679410934 0.9375000069849193 0.1428571455180645 0.09868421126157045
0 0.6071428684517741 0.27631579153239727 0.11490683443844318 0.0855263164266944
0 0.7127329325303435 0.3009868443477899 0.10248447395861149 0.09539473755285144
0 0.6677018757909536 0.4177631610073149 0.14906832575798035 0.05921052675694227
0 0.818322996608913 0.49013158259913325 0.15838509611785412 0.0657894741743803
0 0.6350931795313954 0.5098684248514473 0.09006211347877979 0.11184210609644651
0 0.7934782756492496 0.537828951375559 0.10248447395861149 0.08223684271797538
0 0.6164596388116479 0.5921052675694227 0.10248447395861149 0.0657894741743803
0 0.6708074659109116 0.6381578994914889 0.08695652335882187 0.07894736900925636
0 0.6754658510908484 0.7154605316463858 0.0776397529989481 0.10197368497028947
0 0.610248458571732 0.764802637277171 0.14596273563802242 0.05592105304822326
0 0.7686335546895862 0.7976973743643612 0.0652173925191164 0.16776315914466977
0 0.5962733030319214 0.8256579008884728 0.1552795059978962 0.09210526384413242
