0 0.13489584036869928 0.02656250138534233 0.14479167421814054 0.051041669328697026
0 0.24218751263106242 0.051562502689193934 0.09062500472646207 0.10104167193640023
0 0.018229167617391795 0.07343750383006409 0.034375001792795956 0.07187500374857336
0 0.08906250464497134 0.11979167291428894 0.1614583417540416 0.06666667014360428
0 0.11250000586733222 0.13906250725267455 0.04375000228174031 0.13437500700820237
0 0.17187500896397978 0.13281250692671165 0.04375000228174031 0.12187500635627657
0 0.24479167943354696 0.13750000717118382 0.10000000521540642 0.06875000358559191
0 0.19583334354683757 0.20156251051230356 0.09166667144745588 0.044791669002734125
0 0.03645833523478359 0.29947918228572235 0.07083333702757955 0.17812500928994268
0 0.068229170225095 0.3723958527552895 0.06979167030658573 0.07187500374857336
0 0.068229170225095 0.2031250105937943 0.09687500505242497 0.06250000325962901
0 0.3453125180094503 0.13281250692671165 0.05937500309664756 0.1489583411021158
0 0.3463541847304441 0.06562500342261046 0.07187500374857336 0.12083333963528275
0 0.40572918782709166 0.05989583645714447 0.0927083381684497 0.1114583391463384
0 0.5500000286847353 0.02343750122236088 0.1604166750330478 0.044791669002734125
0 0.6447917002951726 0.05312500277068466 0.1541666747070849 0.06458333670161664
0 0.7333333715796471 0.09583333833143115 0.08958333800546825 0.10208333865739405
0 0.932812548649963 0.05677083629416302 0.10104167193640023 0.1114583391463384
0 0.9244792148820125 0.19687501026783139 0.10312500537838787 0.17500000912696123
0 0.8270833764690906 0.2109375110012479 0.05625000293366611 0.15729167487006634
0 0.8697917120298371 0.27552084770286456 0.03958333539776504 0.16562500863801688
0 0.7713542068959214 0.2838541814708151 0.0864583378424868 0.05937500309664756
0 0.7442708721500821 0.21354167780373245 0.04062500211875886 0.12708333996124566
0 0.6416667001321912 0.18177084281342104 0.08333333767950535 0.09687500505242497
0 0.6135416986653581 0.2223958449321799 0.1541666747070849 0.05729166965465993
0 0.5197916937759146 0.216145844606217 0.06666667014360428 0.073958337190561
0 0.5390625281143002 0.1666666753590107 0.1177083394723013 0.047916669165715575
0 0.45416669035330415 0.26927084737690166 0.05000000260770321 0.13854167389217764
0 0.41666668839752674 0.18645834305789322 0.05625000293366611 0.10625000554136932
0 0.4067708545480855 0.15937500831205398 0.06354166998062283 0.1416666740551591
0 0.41093752143206075 0.30625001597218215 0.051041669328697026 0.12500000651925802
0 0.3416666844859719 0.2645833471324295 0.07916667079553008 0.09375000488944352
0 0.3208333500660956 0.3020833490882069 0.054166669491678476 0.11250000586733222
0 0.1973958436283283 0.3348958507995121 0.10104167193640023 0.1552083414280787
0 0.15364584134658799 0.40572918782709166 0.08854167128447443 0.15104167454410344
0 0.05989583645714447 0.4869791920646094 0.0802083375165239 0.1302083401242271
0 0.07187500374857336 0.6229166991543025 0.06458333670161664 0.1354166737291962
0 0.14531250757863745 0.5083333598449826 0.08229167095851153 0.08750000456348062
0 0.18020834273193032 0.5760416967095807 0.10000000521540642 0.11458333930931985
0 0.1296875067637302 0.6921875361003913 0.0927083381684497 0.10312500537838787
0 0.147916674381122 0.779166707303375 0.10416667209938169 0.11250000586733222
0 0.2281250118976459 0.7031250366708264 0.07708333735354245 0.13750000717118382
0 0.28229168138932437 0.6760417019249871 0.06458333670161664 0.10416667209938169
0 0.3197916833451018 0.5947916976874694 0.058333336375653744 0.13750000717118382
0 0.37343751947628334 0.6875000358559191 0.06354166998062283 0.1604166750330478
0 0.4135416882345453 0.6812500355299562 0.04375000228174031 0.13750000717118382
0 0.43541668937541544 0.659895867749583 0.07291667046956718 0.06562500342261046
0 0.4744791914126836 0.5937500309664756 0.1177083394723013 0.09791667177341878
0 0.5093750265659764 0.5776041967910714 0.09375000488944352 0.08229167095851153
0 0.49791669263504446 0.7072917035548016 0.06875000358559191 0.12083333963528275
0 0.5895833640825003 0.5197916937759146 0.06666667014360428 0.16458334191702306
0 0.5020833595190197 0.49010419222759083 0.12083333963528275 0.044791669002734125
0 0.47812502493616194 0.47812502493616194 0.08958333800546825 0.08125000423751771
0 0.46145835740026087 0.3895833536516875 0.10416667209938169 0.09583333833143115
0 0.5468750285217538 0.3645833523478359 0.147916674381122 0.06875000358559191
0 0.5619791959761642 0.3098958494956605 0.10312500537838787 0.09479167161043733
0 0.6286458661197685 0.3718750193947926 0.05729166965465993 0.12083333963528275
0 0.733854204940144 0.4250000221654773 0.15104167454410344 0.09375000488944352
0 0.7145833706017584 0.31250001629814506 0.06875000358559191 0.15625000814907253
0 0.9458333826623857 0.3895833536516875 0.10000000521540642 0.07083333702757955
0 0.8260417097480968 0.39843752078013495 0.10416667209938169 0.09479167161043733
0 0.830208376632072 0.4755208581336774 0.08541667112149298 0.0864583378424868
0 0.761979206406977 0.5604166958946735 0.073958337190561 0.11041667242534459
0 0.6729167017620057 0.5317708610673435 0.07083333702757955 0.12187500635627657
0 0.6640625346335582 0.6390625333297066 0.1614583417540416 0.051041669328697026
0 0.6760417019249871 0.7822917074663565 0.08958333800546825 0.1916666766628623
0 0.7473958723130636 0.8479167108889669 0.0677083368645981 0.1604166750330478
0 0.7703125401749276 0.7390625385451131 0.0989583384944126 0.0927083381684497
0 0.8395833771210164 0.7458333722315729 0.06666667014360428 0.210416677640751
0 0.8755208789953031 0.7458333722315729 0.05312500277068466 0.11250000586733222
0 0.9427083824994043 0.7375000384636223 0.10208333865739405 0.12291667307727039
0 0.8937500466126949 0.5135416934499517 0.06041666981764138 0.15000000782310963
0 0.9281250484054908 0.5770833634305745 0.058333336375653744 0.20833334419876337
0 0.978125051013194 0.4343750226544216 0.04375000228174031 0.10000000521540642
0 0.9828125512576662 0.5140625268104486 0.034375001792795956 0.0989583384944126
0 0.9302083818474784 0.8635417117038742 0.08125000423751771 0.13958334061317146
0 0.8739583789138123 0.9406250490574166 0.12500000651925802 0.058333336375653744
0 0.8786458791582845 0.9713542173267342 0.09062500472646207 0.05729166965465993
0 0.5447916950797662 0.8901042130892165 0.06250000325962901 0.14479167421814054
0 0.534375027869828 0.8578125447384082 0.15208334126509726 0.061458336538635194
0 0.30625001597218215 0.7979167082812637 0.08958333800546825 0.06041666981764138
0 0.034375001792795956 0.8687500453088433 0.05208333604969084 0.1666666753590107
0 0.08750000456348062 0.8838542127632536 0.07708333735354245 0.17812500928994268
0 0.3401041844044812 0.9072917139856145 0.09687500505242497 0.08541667112149298
0 0.31145834957715124 0.9604167167562991 0.1416666740551591 0.06458333670161664
0 0.4260416888864711 0.8609375449013896 0.11458333930931985 0.1239583397982642
0 0.44687502330634743 0.9421875491389073 0.11666667275130749 0.08229167095851153
0 0.3088541827746667 0.7979167082812637 0.1114583391463384 0.06666667014360428
0 0.21510417788522318 0.8536458778544329 0.06979167030658573 0.1177083394723013
0 0.14739584102062508 0.8395833771210164 0.061458336538635194 0.1416666740551591
0 0.6479167004581541 0.9588542166748084 0.054166669491678476 0.08229167095851153
0 0.7239583710907027 0.9708333839662373 0.06666667014360428 0.05208333604969084
0 0.5750000299885869 0.9734375507687218 0.08958333800546825 0.05312500277068466
0 0.034895835153292865 0.6479167004581541 0.0677083368645981 0.07083333702757955
0 0.025000001303851604 0.7130208705202676 0.047916669165715575 0.09687500505242497
0 0.14375000749714673 0.9630208835587837 0.08750000456348062 0.073958337190561
0 0.2968750154832378 0.7359375383821316 0.09166667144745588 0.04895833588670939
0 0.39739585405914113 0.824479209666606 0.06354166998062283 0.0927083381684497
0 0.3348958507995121 0.9104167141485959 0.0927083381684497 0.08333333767950535
0 0.8104167089331895 0.04531250236323103 0.06250000325962901 0.0864583378424868
0 0.24479167943354696 0.9656250503612682 0.10416667209938169 0.06875000358559191
0 0.34947918489342555 0.3901041870121844 0.0802083375165239 0.10729167226236314
0 0.2651041804929264 0.540625028195791 0.08437500440049917 0.1729166756849736
