0 0.3811410586931743 0.5772471969248727 0.20760697999503464 0.0646067422349006
0 0.5079239472397603 0.5779494441230781 0.0935023803031072 0.1446629228303209
0 0.6354992288397625 0.7162921421695501 0.15213946625590324 0.08988764137029648
0 0.4698890806757845 0.7542134908726439 0.0998415247304365 0.1292134844698012
0 0.5657686401391402 0.8293539410806261 0.1806656161788851 0.0800561805954203
0 0.7567353660124354 0.8047752891434357 0.0871632358757779 0.13202247326262295
0 0.8843106476124376 0.6924157374305651 0.07606973312795162 0.17415730515494943
0 0.36687798373168334 0.3511235991027206 0.0871632358757779 0.15730337239801884
0 0.48573694174410775 0.21418539545265958 0.13787639129441231 0.10814606852363795
0 0.7591125451726839 0.23525281139882281 0.12044374411925673 0.09410112455952913
0 0.540412062429823 0.25983146333601326 0.09191759419627488 0.053370787063613534
0 0.7004754592198879 0.3665730374632403 0.12361331633292139 0.09550561895594001
0 0.7535657937987708 0.31250000320142135 0.12836767465341836 0.0800561805954203
0 0.8637084282236174 0.3117977560032159 0.07290016091428697 0.12640449567697942
0 0.8106180936447345 0.3918539365986362 0.0935023803031072 0.12078651809133589
0 0.8565768907428719 0.46418539801379666 0.06497623038012534 0.09691011335235089
0 0.9540412363130599 0.38061798142734915 0.08874802198261023 0.17134831636212766
0 0.46038036403479055 0.37570225103991106 0.0935023803031072 0.11376404610928148
