0 0.3885714244097471 0.33999999635852873 0.0685714278370142 0.13142857002094388
0 0.17714285524562 0.5699999938951805 0.09142857044935226 0.11142857023514807
0 0.2699999971082434 0.4857142805121839 0.09428571327589452 0.07428571349009871
0 0.3328571392921731 0.5285714229103178 0.05428571370430291 0.07428571349009871
0 0.36428571038413793 0.6228571361862123 0.1228571415413171 0.08571428479626775
0 0.3914285672362894 0.8942857047077268 0.13142857002094388 0.08571428479626775
0 0.5499999941093847 0.3199999965727329 0.10571428458206356 0.07428571349009871
0 0.6471428502118215 0.34142856777179986 0.09428571327589452 0.08285714196972549
0 0.6057142792269588 0.44285713811405003 0.1371428556740284 0.05142857087776065
0 0.7442857063142583 0.5057142802979797 0.14571428415365517 0.057142856530845165
0 0.575714279548265 0.5228571372572333 0.08285714196972549 0.09714285610243678
0 0.7214285637019202 0.5471428512828425 0.09428571327589452 0.07142857066355646
0 0.5585714225890115 0.5942857079207897 0.09428571327589452 0.057142856530845165
0 0.608571422053501 0.6342857074923813 0.07999999914318323 0.0685714278370142
0 0.6128571362933144 0.7014285639161244 0.07142857066355646 0.08857142762281
0 0.552857136935927 0.7442857063142583 0.13428571284748614 0.04857142805121839
0 0.6985714210895821 0.7728571345796809 0.059999999357387424 0.14571428415365517
0 0.5399999942164868 0.79714284860529 0.1428571413271129 0.07999999914318323
