0 0.6475000156788155 0.1066666692495346 0.2683333398308605 0.14666667021811008
0 0.38000000920146704 0.16250000393483788 0.31666667433455586 0.07166666840203106
0 0.384166675969027 0.22666667215526104 0.28833334031514823 0.09000000217929482
0 0.17833333765156567 0.4283333437051624 0.18666667118668556 0.24333333922550082
0 0.382500009262003 0.3766666757874191 0.10166666912846267 0.25666667288169265
0 0.7116666838992387 0.2850000069011003 0.28000000678002834 0.11000000266358256
0 0.4650000112596899 0.6175000149523839 0.10333333583548665 0.3216666744556278
0 0.6241666817804798 0.35583334194961935 0.22833333886228502 0.0916666688863188
0 0.7000000169500709 0.4266666769981384 0.2700000065378845 0.09000000217929482
0 0.2458333392860368 0.6408333488507196 0.2216666720341891 0.11833333619870245
0 0.30333334067836404 0.7491666848072782 0.25000000605359674 0.1383333366829902
0 0.5675000137416646 0.6300000152550638 0.12500000302679837 0.22333333874121308
