0 0.37300001771654934 0.24700001173187047 0.12600000598467886 0.11400000541470945
0 0.4680000222288072 0.23300001106690615 0.06800000322982669 0.13000000617466867
0 0.6080000288784504 0.27400001301430166 0.2400000113993883 0.0760000036098063
0 0.38100001809652895 0.3250000154366717 0.09000000427477062 0.0780000037048012
0 0.4540000215638429 0.4930000234162435 0.0760000036098063 0.27400001301430166
0 0.5010000237962231 0.5470000259811059 0.07000000332482159 0.20200000959448516
0 0.7020000333432108 0.37100001762155443 0.17600000835955143 0.09400000446476042
0 0.6720000319182873 0.48600002308376133 0.20400000968948007 0.1520000072196126
0 0.6960000330582261 0.6140000291634351 0.27200001291930676 0.10400000493973494
0 0.2690000127768144 0.4800000227987766 0.1620000076945871 0.0800000037997961
0 0.23500001116190106 0.5720000271685421 0.1460000069346279 0.14000000664964318
0 0.2870000136317685 0.7230000343406573 0.13400000636465847 0.11400000541470945
0 0.4500000213738531 0.7410000351956114 0.20800000987946987 0.09000000427477062
0 0.6520000309683383 0.7110000337706879 0.20400000968948007 0.09000000427477062
