0 0.6700000318232924 0.10900000517722219 0.1480000070296228 0.17400000826455653
0 0.534000025363639 0.10900000517722219 0.2400000113993883 0.10200000484474003
0 0.10400000493973494 0.3820000181440264 0.0720000034198165 0.10800000512972474
0 0.20000000949949026 0.24900001182686538 0.21600001025944948 0.1580000075045973
0 0.49800002365373075 0.34800001652911305 0.09200000436976552 0.20000000949949026
0 0.6480000307783484 0.2510000119218603 0.2280000108294189 0.0740000035148114
0 0.23700001125689596 0.5190000246511772 0.1580000075045973 0.226000010734424
0 0.3640000172890723 0.5570000264560804 0.09600000455975533 0.2500000118743628
0 0.1500000071246177 0.6210000294959173 0.17600000835955143 0.17000000807456672
0 0.5590000265510753 0.7050000334857032 0.19400000921450555 0.1500000071246177
0 0.29100001382175833 0.7830000371905044 0.19800000940449536 0.11400000541470945
0 0.5360000254586339 0.7940000377129763 0.2360000112093985 0.08400000398978591
0 0.7920000376179814 0.3720000176690519 0.24800001177936792 0.09600000455975533
0 0.771000036620535 0.4810000228462741 0.27800001320429146 0.12200000579468906
0 0.698000033153221 0.5930000281659886 0.25200001196935773 0.08200000389479101
