0 0.01787439567851834 0.11324041930492967 0.03381642425665632 0.048780488315969706
0 0.01690821212832816 0.25871080410433933 0.03188405715627596 0.05400696920696646
0 0.026086955855134875 0.29703833063831553 0.03864734200760722 0.04703832801897079
0 0.08067632644088008 0.2918118497473188 0.026086955855134875 0.04355400742497295
0 0.09999999744468369 0.3249128953902982 0.03381642425665632 0.03658536623697728
0 0.030917873606085777 0.49477352434769273 0.028985506505705416 0.04529616772197187
0 0.1632850199821405 0.23083623935235664 0.023188405204564333 0.040069686830975115
0 0.22512076719431207 0.053135889058467 0.042512076208367944 0.0958188163349405
0 0.09661835501901805 0.0383275265339762 0.11787439312320203 0.07317073247395456
0 0.025603864080039784 0.16289198776939884 0.04927536105969921 0.106271778116934
0 0.1483091749541927 0.318815334350802 0.03574879135703668 0.0871080148499459
0 0.10676328229601495 0.42247387202223763 0.026086955855134875 0.08536585455294698
0 0.13574878880172037 0.40331010875524953 0.043478259758558124 0.07839721336495131
0 0.062318838987266645 0.445993036031723 0.07826086756540462 0.10801393841393292
0 0.025603864080039784 0.5601045354851522 0.047342993959318846 0.08536585455294698
0 0.0647342978627421 0.5165505280601792 0.030917873606085777 0.07491289277095348
0 0.046376810409128666 0.6567944319685921 0.030917873606085777 0.05574912950396538
0 0.03429951603175141 0.6898954776115716 0.0396135255577974 0.04529616772197187
0 0.042028984433272853 0.6916376379085705 0.08212560176616535 0.2682926857378334
0 0.03333333248156123 0.9207317169639282 0.04154589265817776 0.057491289800964296
0 0.0995169056695886 0.7290940842940472 0.042512076208367944 0.04703832801897079
0 0.1091787411714904 0.8118466984014958 0.030917873606085777 0.07317073247395456
0 0.08695651951711625 0.8493031447869726 0.044444443308748305 0.057491289800964296
0 0.14299516542814672 0.7630662100855261 0.04830917750950903 0.06620209128595889
0 0.14589371607871726 0.7134146416210569 0.05410627881065011 0.07491289277095348
0 0.14541062430362217 0.6663763136020862 0.05700482946122065 0.03310104564297944
0 0.16956521305837668 0.6210801458801143 0.05120772816007957 0.04355400742497295
0 0.16086956110666506 0.5923345009796321 0.06280193076236174 0.024390244157984853
0 0.13623188057681546 0.6062717833556235 0.042512076208367944 0.06620209128595889
0 0.14299516542814672 0.5583623751881532 0.06376811431255192 0.040069686830975115
0 0.1091787411714904 0.5452961729606614 0.021256038104183972 0.03484320593997836
0 0.13236714637605473 0.5121951273176819 0.06376811431255192 0.031358885345980525
0 0.13091787105076946 0.47560976108070463 0.060869563661981374 0.048780488315969706
0 0.2439613464230206 0.19947735400637612 0.05120772816007957 0.06097561039496213
0 0.22995168494526297 0.26219512469833717 0.04057970910798758 0.04355400742497295
0 0.22415458364412189 0.3353658571722917 0.03671497490722686 0.04703832801897079
0 0.19758453601389192 0.3231707350932993 0.03574879135703668 0.06097561039496213
0 0.20628018796560355 0.3980836278642528 0.0647342978627421 0.04355400742497295
0 0.22657004251959734 0.4277003529132344 0.05507246236084029 0.03658536623697728
0 0.21980675766826607 0.4277003529132344 0.15748791868099943 0.20731707534287125
0 0.3222222139884252 0.31184669316280633 0.05120772816007957 0.0871080148499459
0 0.30096617588424124 0.25609756365884095 0.03574879135703668 0.04181184712797403
0 0.3623188313213177 0.24303136143134907 0.059903380111791193 0.057491289800964296
0 0.3835748694255017 0.17944251059088856 0.028985506505705416 0.07317073247395456
0 0.3826086858753115 0.13327526272041723 0.03671497490722686 0.06097561039496213
0 0.39903380622854456 0.09494773618644103 0.027053139405325055 0.06097561039496213
0 0.4207729361078236 0.040069686830975115 0.026086955855134875 0.048780488315969706
0 0.4367149646859616 0.08536585455294698 0.01932367100380361 0.059233450097963214
0 0.412077284156112 0.1315331024234183 0.03574879135703668 0.04355400742497295
0 0.4420289742120076 0.23519164009485394 0.045410626858938485 0.0766550530679524
0 0.4410627906618174 0.2952961703413166 0.0396135255577974 0.057491289800964296
0 0.3879226954013575 0.2804878078168258 0.03188405715627596 0.06620209128595889
0 0.40483090752968565 0.33275261672679335 0.027053139405325055 0.09756097663193941
0 0.3714975750481244 0.36498258222127333 0.026086955855134875 0.0958188163349405
0 0.33574878369108774 0.4059233492007479 0.07632850046502426 0.0766550530679524
0 0.40386472397949547 0.3972125477157533 0.027053139405325055 0.059233450097963214
0 0.42463767030858435 0.39634146756725386 0.03381642425665632 0.07142857217695564
0 0.37971013522474095 0.5000000052386895 0.11787439312320203 0.059233450097963214
0 0.2381642451218795 0.5574912950396538 0.0647342978627421 0.06620209128595889
0 0.30048308410914615 0.5357142913271673 0.044444443308748305 0.057491289800964296
0 0.3289854988397565 0.5862369399401359 0.03768115845741704 0.07839721336495131
0 0.283574871980818 0.47909408167470247 0.047342993959318846 0.04529616772197187
0 0.331884049490327 0.40940766979474574 0.06280193076236174 0.07317073247395456
0 0.3323671412654221 0.45993031840771437 0.08888888661749661 0.05574912950396538
0 0.27584540357929654 0.6245644664741121 0.028019322955515236 0.08188153395894915
0 0.30966182783595286 0.6367595885531045 0.045410626858938485 0.050522648612968624
0 0.3521739040443208 0.7003484393935651 0.024154588754754514 0.09407665603794158
0 0.27101448582834564 0.6968641187995672 0.045410626858938485 0.05574912950396538
0 0.24734298884868622 0.7404181262245402 0.05603864591103047 0.05574912950396538
0 0.2289855013950728 0.6672473937505856 0.05797101301141083 0.11498257960192859
0 0.21497583991731517 0.764808370382525 0.047342993959318846 0.06620209128595889
0 0.23719806157168932 0.819686419737991 0.060869563661981374 0.07491289277095348
0 0.24589371352340095 0.850174224935472 0.12463767797453329 0.11149825900793076
0 0.16231883643195033 0.9477352015674114 0.0347826078068465 0.09756097663193941
0 0.24541062174830586 0.9198606368154287 0.05797101301141083 0.07317073247395456
0 0.28985506505705416 0.9189895566669293 0.025120772304944694 0.05400696920696646
0 0.32608694818918593 0.9216027971124277 0.047342993959318846 0.13240418257191777
0 0.38937197072664276 0.8667247477569617 0.027053139405325055 0.08188153395894915
0 0.3835748694255017 0.9390244000824168 0.03671497490722686 0.06968641187995672
0 0.41449274303158745 0.9712543655768968 0.06570048141293228 0.04703832801897079
0 0.49999998722341843 0.9303135985974222 0.09178743726806715 0.1254355413839221
0 0.5845410478650592 0.945121961121913 0.09661835501901805 0.09233449574094266
0 0.49999998722341843 0.297909410786815 0.03574879135703668 0.13937282375991344
0 0.5328502279298846 0.2421602812828496 0.03574879135703668 0.06968641187995672
0 0.5743961205880623 0.3954703874187544 0.10531400697072968 0.2229965180158615
0 0.6338164089247584 0.3231707350932993 0.03864734200760722 0.06097561039496213
0 0.6164251050213352 0.404181188903749 0.061835747212171555 0.0766550530679524
0 0.6623188236553688 0.41376307053724304 0.03574879135703668 0.11672473989892751
0 0.6444444279768504 0.4695122000412084 0.11594202602282166 0.0679442515829578
0 0.5260869430785533 0.5113240471691824 0.0995169056695886 0.07839721336495131
0 0.4429951577621978 0.5357142913271673 0.07632850046502426 0.04355400742497295
0 0.37004829972283915 0.6080139436526224 0.042512076208367944 0.12195122078992426
0 0.417391293682158 0.5975609818706289 0.021256038104183972 0.10104529722593725
0 0.4811594079947099 0.6019163826131262 0.08115941821597517 0.10278745752293617
0 0.41884056900744326 0.6437282297411002 0.07632850046502426 0.05400696920696646
0 0.4019323568791151 0.669860634196084 0.07536231691483408 0.04355400742497295
0 0.4318840469350107 0.7238676034030505 0.061835747212171555 0.050522648612968624
0 0.4028985404293053 0.7482578475610353 0.05410627881065011 0.04355400742497295
0 0.40434781575459056 0.7831010535010137 0.0647342978627421 0.050522648612968624
0 0.5710144781623967 0.732578404888045 0.0347826078068465 0.06097561039496213
0 0.53526568680536 0.690766557760071 0.0792270511155948 0.04355400742497295
0 0.4864734175207559 0.6742160349385813 0.05120772816007957 0.04529616772197187
0 0.5637681015359703 0.626306626771111 0.04927536105969921 0.0958188163349405
0 0.5526569907087833 0.6202090657316148 0.10628019052091986 0.06620209128595889
0 0.6270531240734272 0.6184669054346159 0.07149758271407336 0.0871080148499459
0 0.7478260678471997 0.6628919930080883 0.1739130390342325 0.15156794583890587
0 0.8198067423363682 0.4268292727647349 0.03768115845741704 0.08013937366195023
0 0.8405796886654571 0.4721254404867068 0.03671497490722686 0.048780488315969706
0 0.8434782393160276 0.5226480890996754 0.06570048141293228 0.06620209128595889
0 0.7618357293249574 0.5113240471691824 0.05120772816007957 0.04703832801897079
0 0.8710144704964478 0.6855400768690743 0.04154589265817776 0.03658536623697728
0 0.834782587364316 0.7656794505310245 0.059903380111791193 0.057491289800964296
0 0.7217391119920649 0.8597561065689661 0.139130431227386 0.15853658702690154
0 0.5492753482831176 0.8040069770650007 0.028019322955515236 0.12369338108692318
0 0.5710144781623967 0.8092334579559974 0.05410627881065011 0.08188153395894915
0 0.5990338011179119 0.8101045381044969 0.07149758271407336 0.10452961781993508
0 0.9376811354595702 0.9294425184489228 0.11690820957301185 0.12717770168092102
0 0.9545893475878984 0.6611498327110894 0.05603864591103047 0.13066202227491885
0 0.08840579484240152 0.7360627254820429 0.043478259758558124 0.12020906049292535
0 0.41932366078253835 0.44947735662572086 0.10048308921977878 0.059233450097963214
0 0.46859902184223756 0.37282230355776846 0.030917873606085777 0.08013937366195023
0 0.4961352530226577 0.38153310504276305 0.05507246236084029 0.10452961781993508
0 0.5927536080416758 0.297909410786815 0.07826086756540462 0.1358885031659156
0 0.3173912962374743 0.6846689967205748 0.05700482946122065 0.05226480890996754
0 0.10241545632015914 0.734320565185044 0.046376810409128666 0.04355400742497295
0 0.15797101045609452 0.7926829351345077 0.060869563661981374 0.16724738851189613
