0 0.5798611251520924 0.29074073559604585 0.04305555659811944 0.05555555457249284
0 0.5756944583845325 0.3481481419876218 0.12638889194931835 0.08148148003965616
0 0.6027777923736721 0.4694444361375645 0.05833333474583924 0.07592592458240688
0 0.4201388990622945 0.5601851752726361 0.05138889013323933 0.07222222094424069
0 0.4055555653758347 0.8833333177026361 0.06944444612599909 0.0666666654869914
0 0.6368055709754117 0.7657407271908596 0.06250000151339918 0.10555555368773639
0 0.7493055736995302 0.8481481331400573 0.07083333504851907 0.1037037018686533
0 0.8020833527552895 0.5222222129814327 0.04305555659811944 0.08518518367782235
0 0.6569444603519514 0.6129629521165043 0.06666666828095913 0.0666666654869914
0 0.688888905569911 0.5416666570818052 0.06666666828095913 0.08703703549690545
0 0.6833333498798311 0.45740739931352437 0.06666666828095913 0.0666666654869914
0 0.6784722386510111 0.3703703638166189 0.08194444642867893 0.0666666654869914
0 0.6729166829609312 0.3175925869727507 0.07361111289355904 0.07222222094424069
