0 0.5470852293074131 0.8928571653086692 0.27802691981196404 0.19230769714340568
0 0.45515697356313467 0.5741758386138827 0.08968610316514969 0.2582417647354305
0 0.2331838682293892 0.48489012208301574 0.10313901863992214 0.29395605134777725
0 0.286995530128479 0.592032981920056 0.09417040832340717 0.32692308514378965
0 0.33520181057974696 0.674450566410087 0.14573991764336824 0.299450556980446
0 0.23878924967721105 0.2637362703680992 0.11883408669382334 0.1483516520820558
0 0.3834080910310149 0.3049450626131147 0.19730942696332932 0.1318681351840496
0 0.5011211014352739 0.1071428598370403 0.217488800175488 0.08791209012269974
0 0.45964127872139215 0.1991758291842416 0.16143498569726944 0.06318681477569044
0 0.7724215635098517 0.17994505946990103 0.06950672995299101 0.18406593869440258
0 0.7331838933750987 0.31181319465395063 0.1748879011720419 0.11813187110237777
0 0.6995516046881676 0.2060439612250775 0.13901345990598202 0.082417584490031
0 0.6031390437856317 0.1813186858780682 0.12107623927295208 0.12087912391871214
