0 0.23966942494735122 0.3288288367912173 0.07162534538656473 0.09909910149872303
0 0.2575757612939924 0.47297298442572355 0.07988980831578374 0.1471471507102251
0 0.12258953345008194 0.5315315444022417 0.07988980831578374 0.1321321353316307
0 0.26446281373500824 0.6201201351359487 0.11019283905625343 0.06306306459009647
0 0.2920110234990716 0.7387387566268444 0.13223140686750412 0.08408408612012863
0 0.2231404990889132 0.8423423627391458 0.049586777575314045 0.14114114455878735
0 0.43526171427220106 0.5090090213343501 0.12121212296187878 0.12312312610447407
0 0.5647383001632988 0.21921922452747822 0.08264462929219007 0.11411411687731743
0 0.3016528969164938 0.24024024605751038 0.04132231464609504 0.09609609842300415
0 0.3787878842558712 0.21921922452747822 0.09641873417422175 0.07207207381725311
0 0.4683195659890771 0.32582583371549845 0.07162534538656473 0.09309309534728527
0 0.5344352694228292 0.9264264488592744 0.09917355515062809 0.057057058438658714
0 0.6845730126369745 0.8753753965720534 0.13498622784391046 0.07507507689297199
0 0.3829201157204807 0.9174174396321177 0.049586777575314045 0.1471471507102251
0 0.3209366437513381 0.9219219442456961 0.04683195659890771 0.1321321353316307
0 0.29476584447547793 0.8543543750420213 0.1157024810090661 0.039039039984345436
0 0.2961432549636811 0.8108108304440975 0.09090909222140908 0.060060061514377594
0 0.4586776925716549 0.8048048242926598 0.13498622784391046 0.060060061514377594
0 0.4504132296424359 0.8348348550498486 0.11294766003265977 0.06606606766581535
0 0.3085399493575096 0.3468468552455306 0.04407713562250137 0.12912913225591183
0 0.33746556960977614 0.2792792860418558 0.04683195659890771 0.14414414763450623
0 0.36088154790923 0.37837838754057884 0.03305785171687603 0.17417417839169502
0 0.38842975767329335 0.3888888983055949 0.0385674936696887 0.1771771814674139
0 0.3898071681614965 0.30780781526118517 0.04683195659890771 0.11111111380159855
0 0.746556484606117 0.3423423506319523 0.08815427124500275 0.060060061514377594
0 0.47382920794188976 0.24324324913322926 0.05509641952812672 0.07207207381725311
0 0.5206611645407975 0.22822823375463486 0.05509641952812672 0.10210210457444191
0 0.5757575840689242 0.33033033832907677 0.09917355515062809 0.07807807996869087
0 0.730027558747679 0.38588589522987604 0.09917355515062809 0.06306306459009647
0 0.5853994574863464 0.3768768860027194 0.11294766003265977 0.051051052287220955
0 0.6349862350616604 0.4069069167599082 0.10192837612703443 0.051051052287220955
0 0.7451790741179138 0.4249249352142215 0.09090909222140908 0.057057058438658714
0 0.5895316889509559 0.43543544597923756 0.0771349873393774 0.048048049211502075
0 0.5702479421161115 0.45795796904712915 0.06611570343375206 0.051051052287220955
0 0.5399449113756418 0.5210210336372256 0.06611570343375206 0.1351351384073496
0 0.599173562368378 0.5450450582429767 0.05234159855172038 0.06906907074153423
0 0.6239669511560351 0.5840840982273221 0.07438016636297107 0.057057058438658714
0 0.6308540035970509 0.5270270397886634 0.06611570343375206 0.07507507689297199
0 0.7231405063066632 0.6021021166816354 0.05785124050453305 0.08108108304440975
0 0.7575757685117424 0.48048049211502075 0.06611570343375206 0.060060061514377594
0 0.8223140614572912 0.5780780920758843 0.09090909222140908 0.09909910149872303
0 0.688705244101584 0.47297298442572355 0.08264462929219007 0.057057058438658714
0 0.8044077251106501 0.6936937104910612 0.04407713562250137 0.13813814148306847
0 0.4862259023357183 0.6471471628174186 0.1074380180798471 0.08108108304440975
0 0.524793396005407 0.7567567750811577 0.11845730198547244 0.06606606766581535
0 0.6198347196914256 0.7192192366346717 0.0771349873393774 0.09309309534728527
0 0.6528925714083016 0.7537537720054388 0.07162534538656473 0.054054055362939835
0 0.7079889909364283 0.747747765854001 0.0771349873393774 0.060060061514377594
0 0.6115702567622066 0.8063063258305192 0.09366391319781542 0.057057058438658714
0 0.7203856853302568 0.8243243442848325 0.12396694393828511 0.06306306459009647
0 0.7203856853302568 0.7882883073762059 0.10192837612703443 0.057057058438658714
0 0.599173562368378 0.8963964181020856 0.08539945026859641 0.039039039984345436
0 0.58264463650994 0.8633633842691779 0.07988980831578374 0.039039039984345436
0 0.5371900903992355 0.8543543750420213 0.10468319710344076 0.07507507689297199
0 0.5881542784627527 0.6501501658931375 0.11294766003265977 0.057057058438658714
0 0.6184573092032224 0.7222222397103906 0.07438016636297107 0.10510510765016079
0 0.7396694321651012 0.6741741904988885 0.09090909222140908 0.045045046135783195
0 0.7079889909364283 0.7072072243317962 0.08264462929219007 0.039039039984345436
0 0.771349873393774 0.6981982151046395 0.07162534538656473 0.051051052287220955
0 0.787878799252212 0.6081081228330731 0.06611570343375206 0.07507507689297199
0 0.7107438119128346 0.5315315444022417 0.06611570343375206 0.07207207381725311
0 0.6611570343375206 0.5270270397886634 0.05509641952812672 0.06906907074153423
