0 0.6692844745703042 0.10609037708491087 0.2809773152694106 0.17288802191615105
0 0.3891797596588731 0.17190570360980928 0.3315881360322237 0.08447937434539199
0 0.39354276144877076 0.24754421319812536 0.3019197238609195 0.10609037708491087
0 0.17801047302782536 0.48526524333283305 0.19546248018741608 0.28683694545179605
0 0.3917975607328117 0.4243615083396435 0.1064572436735034 0.30255403835326433
0 0.7364747021347284 0.3163064946420491 0.2931937202811241 0.12966601643711329
0 0.47818499617278576 0.7082514988724142 0.10820244438946247 0.3791748662479222
0 0.6448516645468771 0.3998035506810993 0.23909249808639288 0.1080550136975944
0 0.7242582971230149 0.4833006067201495 0.2827225159853697 0.10609037708491087
0 0.24869110202416778 0.7357564114499837 0.2321116952225566 0.13948919950053096
0 0.30890052672475576 0.8634577912744135 0.2617801073938608 0.16306483885273337
0 0.5855148402042687 0.7229862734675407 0.1308900536969304 0.26326130609959364
