0 0.5220000247936696 0.06700000318232924 0.2920000138692558 0.09800000465475023
0 0.5680000269785523 0.20300000964198261 0.11600000550970435 0.18600000883452594
0 0.6750000320607796 0.26000001234933734 0.08600000408478081 0.13200000626966357
0 0.4740000225137919 0.2510000119218603 0.16800000797957182 0.1540000073146075
0 0.38300001819152385 0.3040000144392252 0.08600000408478081 0.27200001291930676
0 0.5480000260286033 0.3840000182390213 0.25200001196935773 0.0800000037997961
0 0.2530000120168552 0.3780000179540366 0.06600000313483179 0.26000001234933734
0 0.057000002707354724 0.2850000135367736 0.09400000446476042 0.19000000902451575
0 0.34000001614913344 0.48400002298876643 0.12800000607967377 0.18000000854954123
0 0.21100001002196223 0.6180000293534249 0.10600000503472984 0.10000000474974513
0 0.113000005367212 0.6440000305883586 0.042000001994892955 0.04400000208988786
0 0.25600001215934753 0.7470000354805961 0.09600000455975533 0.19000000902451575
0 0.4930000234162435 0.6080000288784504 0.1540000073146075 0.20000000949949026
0 0.6750000320607796 0.5700000270735472 0.10600000503472984 0.27600001310929656
0 0.8400000398978591 0.5110000242711976 0.2280000108294189 0.21800001035444438
0 0.7790000370005146 0.7720000366680324 0.17400000826455653 0.3200000151991844
0 0.4620000219438225 0.7830000371905044 0.18400000873953104 0.11800000560469925
0 0.503000023891218 0.8350000396603718 0.21400001016445458 0.07000000332482159
0 0.4190000199014321 0.9320000442676246 0.27800001320429146 0.13200000626966357
