0 0.3212851285934448 0.13407257664948702 0.46184737235307693 0.20766128413379192
0 0.09236947447061539 0.410282245837152 0.1726907566189766 0.3366935383528471
0 0.3323293048888445 0.39012095611542463 0.1666666604578495 0.352822570130229
0 0.11847389116883278 0.5887096598744392 0.2128513976931572 0.33467740938067436
0 0.2580321189016104 0.7681451383978128 0.4317268915474415 0.19354838132858276
0 0.5140562057495117 0.7288306234404445 0.25702810287475586 0.3487903121858835
0 0.6837349142879248 0.7187499785795808 0.17469878867268562 0.5544354673475027
0 0.7389557957649231 0.11189515795558691 0.48995982110500336 0.19153225235641003
0 0.7600401323288679 0.2439516056329012 0.34337348118424416 0.14919354394078255
0 0.9397590011358261 0.295362894423306 0.11244979500770569 0.23991934768855572
