0 0.4433735031634569 0.8459459664300084 0.2987951869145036 0.18918919377028942
0 0.3445783203933388 0.5324324453249574 0.0963855441659689 0.2540540602058172
0 0.10602409858256578 0.44459460536018014 0.11084337579086423 0.2891891961917281
0 0.16385542508214712 0.5500000133179128 0.10120482137426734 0.321621629409492
0 0.2156626550713554 0.6310810963623226 0.15662650926969945 0.2945946017280221
0 0.11204819509293884 0.2270270325243473 0.12771084601990879 0.14594594947993755
0 0.2674698850605637 0.2675675740465522 0.21204819716513157 0.1297297328710556
0 0.39397591177839786 0.07297297473996878 0.23373494460247457 0.08648648858070374
0 0.34939759760163724 0.163513517472893 0.173493979498744 0.06216216366738081
0 0.6855421828804538 0.14459459809586406 0.0746987967286259 0.18108108546584845
0 0.6433735073078424 0.27432433096691966 0.18795181112363935 0.11621621903032064
0 0.607228928245604 0.17027027439326048 0.1493975934572518 0.08108108304440975
0 0.5036144682671875 0.14594594947993755 0.130120484624058 0.11891892179846764
