0 0.2366666723974049 0.31280787638388574 0.23333333898335695 0.4975369372405112
0 0.46166667784564197 0.39901477145031095 0.16333333728834987 0.5812807781621814
0 0.2066666716709733 0.7758620555978268 0.2066666716709733 0.3793103382922709
0 0.6750000163447112 0.411330042174086 0.15666667046025395 0.27093595592305064
0 0.8350000202190131 0.2980295515153557 0.08333333535119891 0.35960590513423085
0 0.9050000219140202 0.26847290177829564 0.09666666900739074 0.3793103382922709
0 0.6466666823253036 0.7906403804663569 0.09333333559334278 0.34975368855521083
0 0.7266666842624545 0.6502462942153215 0.12000000290572643 0.36453201342374086
0 0.7916666858363897 0.5221674786880612 0.09666666900739074 0.2955664973706007
0 0.8750000211875886 0.5935960488859564 0.09000000217929482 0.418719204608351
