0 0.06100000289734453 0.15638765878975391 0.12200000579468906 0.08810572326183319
0 0.1990000094519928 0.4944933718070388 0.09800000465475023 0.23568280972540379
0 0.1890000089770183 0.09361233096569777 0.13000000617466867 0.07268722169101238
0 0.22500001068692654 0.16629955265671015 0.0740000035148114 0.14317180030047894
0 0.0760000036098063 0.3160792822018266 0.1520000072196126 0.12114536948502064
0 0.11800000560469925 0.32929514069110155 0.0800000037997961 0.103524224832654
0 0.3020000143442303 0.3028634237125516 0.17600000835955143 0.09030836634337902
0 0.27200001291930676 0.0958149740472436 0.06800000322982669 0.10792951099574566
0 0.3100000147242099 0.20374448504298925 0.0760000036098063 0.09030836634337902
0 0.29700001410674304 0.17621144652366638 0.09000000427477062 0.07488986477255821
0 0.3470000164816156 0.11563876178115606 0.03800000180490315 0.09911893866956234
0 0.39100001857150346 0.16740087419748306 0.07000000332482159 0.14977972954511642
0 0.39500001876149327 0.06277532782405615 0.09400000446476042 0.050660790875554085
0 0.4370000207563862 0.11674008332192898 0.058000002754852176 0.057268720120191574
0 0.545000025886111 0.059471363201737404 0.10200000484474003 0.044052861630916595
0 0.6500000308733433 0.06497797090560198 0.12000000569969416 0.055066077038645744
0 0.8960000425577164 0.05837004166096449 0.10000000474974513 0.041850218549370766
0 0.9670000459300354 0.13766519259661436 0.05400000256486237 0.11674008332192898
0 0.9310000442201272 0.2213656296953559 0.09000000427477062 0.06387664936482906
0 0.8740000415127724 0.24118941742926836 0.09600000455975533 0.11674008332192898
0 0.7510000356705859 0.16850219573825598 0.0740000035148114 0.06828193552792072
0 0.6300000299233943 0.15638765878975391 0.0760000036098063 0.07488986477255821
0 0.4990000237012282 0.21145373582839966 0.1540000073146075 0.052863433957099915
0 0.771000036620535 0.23898677434772253 0.04600000218488276 0.041850218549370766
0 0.7260000344831496 0.20374448504298925 0.06000000284984708 0.050660790875554085
0 0.30300001439172775 0.40969161316752434 0.10600000503472984 0.14537444338202477
0 0.4270000202814117 0.3931717900559306 0.08200000389479101 0.18722466193139553
0 0.027000001282431185 0.49779733642935753 0.05400000256486237 0.18061673268675804
0 0.09100000432226807 0.5870043812319636 0.08200000389479101 0.12995594181120396
0 0.28200001339428127 0.6828193552792072 0.13600000645965338 0.09251100942492485
0 0.4040000191889703 0.569383236579597 0.09200000436976552 0.12995594181120396
0 0.6520000309683383 0.36784139461815357 0.14000000664964318 0.17621144652366638
0 0.5480000260286033 0.36674007307738066 0.10000000474974513 0.16519823111593723
0 0.5480000260286033 0.4680616548284888 0.12800000607967377 0.07709250785410404
0 0.740000035148114 0.26982377748936415 0.10000000474974513 0.07709250785410404
0 0.9020000428427011 0.41079293470829725 0.08400000398978591 0.06828193552792072
0 0.9570000454550609 0.3997797193005681 0.08200000389479101 0.046255504712462425
0 0.8760000416077673 0.43281936552375555 0.0760000036098063 0.1916299480944872
0 0.6540000310633332 0.6002202397212386 0.06400000303983688 0.13436122797429562
0 0.6090000289259478 0.7092510722577572 0.0780000037048012 0.21145373582839966
0 0.43400002061389387 0.7566078985109925 0.13200000626966357 0.14317180030047894
0 0.2610000123968348 0.8006607601419091 0.09400000446476042 0.1255506556481123
0 0.15300000726711005 0.7599118631333113 0.0740000035148114 0.1409691572189331
0 0.07100000337231904 0.6927312491461635 0.10200000484474003 0.103524224832654
0 0.05900000280234963 0.7323788246139884 0.042000001994892955 0.07268722169101238
0 0.7200000341981649 0.7202642876654863 0.11200000531971455 0.0660792924463749
0 0.8260000392328948 0.5682819150388241 0.10800000512972474 0.1409691572189331
0 0.8350000396603718 0.6662995321676135 0.04600000218488276 0.1255506556481123
0 0.8660000411327928 0.6927312491461635 0.06000000284984708 0.1916299480944872
0 0.9400000446476042 0.7059471076354384 0.06800000322982669 0.13436122797429562
0 0.9710000461200252 0.7874449016526341 0.05400000256486237 0.10792951099574566
0 0.4420000209938735 0.5198237672448158 0.08800000417977571 0.07488986477255821
0 0.5060000240337104 0.5187224457040429 0.06000000284984708 0.07268722169101238
0 0.5710000271210447 0.5462554842233658 0.12600000598467886 0.0660792924463749
0 0.7470000354805961 0.7698237570002675 0.10600000503472984 0.06387664936482906
0 0.8040000381879508 0.8116739755496383 0.10000000474974513 0.08590308018028736
