0 0.4799999948590994 0.29571428254712373 0.09142857044935226 0.13428571284748614
0 0.3714285674504936 0.3228571393992752 0.0685714278370142 0.10857142740860581
0 0.33571428211871535 0.35999999614432454 0.06571428501047194 0.10857142740860581
0 0.2842857112409547 0.42428570974152535 0.07142857066355646 0.12857142719440162
0 0.30142856820020825 0.44285713811405003 0.11142857023514807 0.06285714218392968
0 0.4214285669149831 0.4657142807263881 0.09999999892897904 0.11428571306169033
0 0.5385714228032157 0.35571428190451115 0.14571428415365517 0.07142857066355646
0 0.5899999936809763 0.3814285673433915 0.05428571370430291 0.11714285588823259
0 0.6057142792269588 0.4599999950733036 0.0685714278370142 0.1371428556740284
0 0.6657142785843462 0.38571428158320487 0.057142856530845165 0.18857142655178905
0 0.7171428494621068 0.36999999603722245 0.0685714278370142 0.17999999807216227
0 0.7128571352222934 0.47857142344582826 0.12857142719440162 0.059999999357387424
0 0.7314285635948181 0.5442857084563002 0.08571428479626775 0.08285714196972549
0 0.7057142781559378 0.6099999934667721 0.0685714278370142 0.11142857023514807
0 0.674285707063973 0.6442857073852792 0.05142857087776065 0.1228571415413171
0 0.5514285655226558 0.6999999925028533 0.04571428522467613 0.15999999828636646
0 0.6157142791198567 0.7014285639161244 0.08857142762281 0.11714285588823259
0 0.4999999946448952 0.7685714203398675 0.13142857002094388 0.07999999914318323
0 0.48714285192545503 0.6542857072781771 0.059999999357387424 0.12571428436785936
0 0.4328571382211521 0.6628571357578039 0.07142857066355646 0.18285714089870453
0 0.4014285671291873 0.6842857069568709 0.059999999357387424 0.1228571415413171
0 0.36142856755759567 0.6614285643445328 0.05428571370430291 0.09428571327589452
0 0.32999999646563083 0.5842857080278918 0.07142857066355646 0.14571428415365517
