0 0.21153846685774624 0.24347824975848198 0.19230769714340568 0.11304347310215235
0 0.049595142947509885 0.5206521501531824 0.09514170279726386 0.33260868047364056
0 0.14979757461696863 0.42065215471666306 0.10931174363940954 0.2760869439225644
0 0.579959528753534 0.16739129670895636 0.26923077600076795 0.15217390609905124
0 0.7834008294157684 0.15108694962691516 0.16599190700799227 0.17173912259750068
0 0.9281376751605421 0.24673911917489022 0.12348178448155522 0.24130433681420982
0 0.578947382979095 0.3358695498900488 0.17813765630126 0.11086956015788019
0 0.669028356904164 0.4141304158838466 0.11943320138379931 0.22826085914857686
0 0.22469636192545295 0.7249999669147655 0.1376518253237009 0.297826073365286
0 0.3906882689334452 0.6478260573931038 0.11740890983492136 0.3695652005262673
0 0.6143724850844592 0.718478228081949 0.2489878605119884 0.17173912259750068
0 0.3036437323316932 0.8967390895122662 0.2793522337451577 0.12391303782351315
0 0.6174089224077761 0.8815216989023611 0.222672070376575 0.18043477437458932
0 0.8329959723632783 0.9086956107057631 0.3016194407828152 0.14782608021050692
