0 0.6404611938633025 0.20329671271611005 0.15723269898444414 0.08131868508644402
0 0.5513626644387841 0.18571429431904107 0.054507335647940636 0.19560440466739237
0 0.46855344297364354 0.13626374257728457 0.1404612110927701 0.0791208827868104
0 0.4675052249804139 0.23626374721061438 0.08805031143128872 0.12087912647984922
0 0.4171907613053918 0.25384616560768336 0.054507335647940636 0.11648352188058197
0 0.3605869896709919 0.18351649201940745 0.10482179932296276 0.054945057490840554
0 0.27148846024647355 0.1890109977684915 0.06918238755315542 0.05274725519120693
0 0.34800837375223637 0.24395605525933206 0.07547169551253319 0.07032967358827591
0 0.29035638412460685 0.23296704376116395 0.08176100347191095 0.0791208827868104
0 0.2767295502126217 0.28241759550292045 0.08385743945837021 0.10329670808278024
0 0.22327043255791068 0.2505494621582329 0.05660377163439989 0.10549451038241386
0 0.17610062286257744 0.36043957713991404 0.08805031143128872 0.12747253337875009
0 0.3071278720162809 0.3846154024358839 0.19077567476779222 0.0791208827868104
0 0.2547169723547995 0.45054947142489254 0.16561844293028116 0.08791209198534489
0 0.17190775088965893 0.4967033197171986 0.19287211075425148 0.0791208827868104
0 0.17400418687611818 0.570329696754925 0.10482179932296276 0.12527473107911646
0 0.15094339102506638 0.6538461841410026 0.13836477510631084 0.14285714947618544
0 0.4098532353527844 0.5846154117025435 0.08595387544482946 0.10549451038241386
0 0.3836477855220437 0.6890110209351406 0.08385743945837021 0.2087912184651941
0 0.25576519034802914 0.7791209152201191 0.16771487891674042 0.07252747588790953
0 0.3218029239214957 0.8252747635124251 0.20335429068654776 0.06373626668937504
0 0.46540878899395466 0.732967066927813 0.07547169551253319 0.20439561386592686
0 0.5241089966148138 0.6461538760922849 0.08805031143128872 0.13186813797801733
0 0.7253668513149023 0.33406594954431057 0.09643605537712574 0.10109890578314662
0 0.6876310035586357 0.3648351817391813 0.0796645674854517 0.09670330118387938
0 0.6331236679106951 0.4065934254322201 0.08805031143128872 0.08791209198534489
0 0.7662473530508578 0.476923099020496 0.09014674741774797 0.0791208827868104
0 0.7452829931862652 0.40000001853331923 0.07337525952607393 0.08351648738607764
0 0.751572301145643 0.5054945289157331 0.08176100347191095 0.057142859790474176
0 0.75995804509148 0.5494505749084055 0.07337525952607393 0.057142859790474176
0 0.689727439545095 0.5571428829571232 0.07547169551253319 0.09010989428497851
0 0.8490565745159984 0.45054947142489254 0.0796645674854517 0.1186813241802156
0 0.8207546886987984 0.552747278357856 0.05241089966148138 0.07252747588790953
0 0.8595387544482946 0.5791209059534594 0.08385743945837021 0.0593406620901078
0 0.858490536455065 0.6406593703432009 0.08176100347191095 0.08571428968571126
0 0.7264150693081319 0.5923077197512612 0.07756813149899244 0.07692308048717678
0 0.5943396021611989 0.7087912416318431 0.05241089966148138 0.09010989428497851
0 0.6467505018226802 0.6296703588450328 0.0607966436073184 0.13406594027765095
0 0.5974842561408877 0.5780220048036426 0.09224318340420723 0.13626374257728457
0 0.6174003980122507 0.7692308048717678 0.08595387544482946 0.10109890578314662
0 0.5104821627028286 0.8868132279021665 0.1027253633365035 0.11208791728131473
0 0.599580692127347 0.8802198210032657 0.11320754326879978 0.10329670808278024
0 0.6865827855654061 0.8076923451153561 0.08176100347191095 0.13406594027765095
0 0.7861634949222207 0.7252747588790953 0.058700207620859146 0.10109890578314662
