0 0.3661971762776375 0.18485915148630738 0.11267605423927307 0.16549295466393232
0 0.2323943618685007 0.21830985508859158 0.0845070406794548 0.13380281440913677
0 0.18838027818128467 0.26408450212329626 0.08098591398447752 0.13380281440913677
0 0.12499999767169356 0.34330985276028514 0.08802816737443209 0.15845070127397776
0 0.14612675784155726 0.3661971762776375 0.13732394110411406 0.07746478728950024
0 0.29401407903060317 0.39436618983745575 0.12323943432420492 0.14084506779909134
0 0.4383802735246718 0.25880281208083034 0.17957746144384146 0.08802816737443209
0 0.5017605540342629 0.2904929523356259 0.06690140720456839 0.14436619449406862
0 0.521126750856638 0.3873239364475012 0.0845070406794548 0.1690140813589096
0 0.5950704114511609 0.2957746423780918 0.07042253389954567 0.2323943618685007
0 0.658450691960752 0.27640844555571675 0.0845070406794548 0.22183098178356886
0 0.6531690019182861 0.4102112599648535 0.15845070127397776 0.07394366059452295
0 0.6760563254356384 0.49119717394933105 0.1056338008493185 0.10211267415434122
0 0.6443661851808429 0.5721830879338086 0.0845070406794548 0.13732394110411406
0 0.6056337915360928 0.614436608273536 0.0633802805095911 0.1514084478840232
0 0.45422534365206957 0.683098578825593 0.056338027119636536 0.19718309491872787
0 0.5334506942890584 0.6848591421730816 0.10915492754429579 0.14436619449406862
0 0.39084506314247847 0.7676056195050478 0.16197182796895504 0.09859154745936394
0 0.3749999930150807 0.6267605517059565 0.07394366059452295 0.15492957457900047
0 0.3080985858105123 0.6373239317908883 0.08802816737443209 0.22535210847854614
0 0.2693661921657622 0.6637323820032179 0.07394366059452295 0.1514084478840232
0 0.22007041843608022 0.6355633684433997 0.06690140720456839 0.11619718093425035
0 0.1813380247913301 0.540492947679013 0.08802816737443209 0.17957746144384146
