0 0.5375000280328095 0.0576923091430217 0.3041666825301945 0.09919028589501977
0 0.5854166971985251 0.1953441344667226 0.12083333963528275 0.18825911404564977
0 0.6968750363448635 0.2530364436097443 0.08958333800546825 0.133603242225945
0 0.4875000254251063 0.24392713163979352 0.17500000912696123 0.1558704492636025
0 0.39270835381466895 0.2975708576850593 0.08958333800546825 0.2753036506474018
0 0.5645833627786487 0.3785425196401775 0.26250001369044185 0.08097166195511818
0 0.25729168008547276 0.3724696449935436 0.06875000358559191 0.2631579013541341
0 0.05312500277068466 0.27834008797071874 0.09791667177341878 0.19230769714340568
0 0.34791668481193483 0.4797570970840752 0.13333334028720856 0.1821862393990159
0 0.21354167780373245 0.6153846308588982 0.11041667242534459 0.10121457744389772
0 0.1114583391463384 0.6417004209943116 0.04375000228174031 0.044534414075315
0 0.2604166802484542 0.7459514357615262 0.10000000521540642 0.19230769714340568
0 0.5072916931239888 0.6052631731145084 0.1604166750330478 0.20242915488779545
0 0.6968750363448635 0.5668016336858273 0.11041667242534459 0.2793522337451577
0 0.8687500453088433 0.5070850329939276 0.23750001238659024 0.22064777882769704
0 0.8052083753282204 0.7712550801225007 0.18125000945292413 0.3238866478204727
0 0.4750000247731805 0.7823886836413294 0.1916666766628623 0.11943320138379931
0 0.517708360333927 0.8350202639121562 0.2229166782926768 0.0708502042107284
0 0.43020835577044636 0.933198404032737 0.2895833484362811 0.133603242225945
