0 0.4916666579665616 0.17187500128056854 0.09999999823048711 0.07072368473745883
0 0.445833325444255 0.25904605456162244 0.03796296229120344 0.13651315891183913
0 0.5458333236747421 0.32483552873600274 0.056481480482034385 0.10690789553336799
0 0.6120370262069628 0.2508223702898249 0.0703703691251576 0.050986842485144734
0 0.6199073964380659 0.30345394962932914 0.07314814685378224 0.037828947650268674
0 0.17129629326518625 0.36348684481345117 0.0351851845625788 0.08881579013541341
0 0.19953703350620344 0.4161184241529554 0.036111110472120345 0.06907894788309932
0 0.2407407364808023 0.39226973976474255 0.05555555457249284 0.09375000069849193
0 0.22546295897336677 0.4465460559586063 0.04166666592936963 0.07401315844617784
0 0.224999996018596 0.4925986878806725 0.05370370275340974 0.04769736877642572
0 0.3018518465105444 0.3651315816678107 0.0351851845625788 0.08223684271797538
0 0.3430555494851433 0.4292763189878315 0.028703703195787966 0.11513157980516553
0 0.32407406833954155 0.49342105630785227 0.06296296184882522 0.04934210563078523
0 0.4273148072534241 0.490953951026313 0.07685185049194843 0.05427631619386375
0 0.39583332632901147 0.5830592148704454 0.09166666504461318 0.08059210586361587
0 0.3148148092441261 0.7195723737822846 0.05555555457249284 0.04769736877642572
0 0.34490740130422637 0.7343750054715201 0.05833333230111748 0.09375000069849193
0 0.5425925829913467 0.42763158213347197 0.06481481366790831 0.0427631582133472
0 0.5208333241171204 0.48108552990015596 0.09537036868277937 0.0641447373200208
0 0.625925914850086 0.3437500025611371 0.02777777728624642 0.09539473755285144
0 0.6486110996338539 0.39062500291038305 0.039814814110286534 0.09046052698977292
0 0.7499999867286533 0.273848686250858 0.05740740639157593 0.07401315844617784
0 0.7865740601555444 0.2384868438821286 0.05462962866295129 0.06907894788309932
0 0.6726851732819341 0.4712171087739989 0.04722222138661891 0.04769736877642572
0 0.6254629518953152 0.5871710570063442 0.07314814685378224 0.08223684271797538
0 0.6328703591716476 0.6406250047730282 0.04166666592936963 0.05427631619386375
0 0.6203703593928367 0.7187500053551048 0.046296295477077365 0.11513157980516553
0 0.5027777688810602 0.7277960580540821 0.08148148003965616 0.08388157957233489
0 0.773148134467192 0.6101973729673773 0.04074074001982808 0.1282894746400416
0 0.7509259126381949 0.6833881629863754 0.04444444365799427 0.1332236852031201
0 0.8277777631301433 0.6751644787145779 0.03888888820074499 0.110197369242087
0 0.8111110967583954 0.7245065843453631 0.0666666654869914 0.0641447373200208
0 0.9009259099839255 0.544407898792997 0.05925925821065903 0.11513157980516553
0 0.8370370222255588 0.3643092132406309 0.04074074001982808 0.08059210586361587
0 0.9518518350087106 0.45065789809450507 0.0685185173060745 0.1085526323877275
