0 0.30187499325256795 0.5587499875109643 0.16374999633990228 0.05749999871477485
0 0.40187499101739377 0.5593749874969944 0.07374999835155904 0.12874999712221324
0 0.5024999887682498 0.6824999847449362 0.11999999731779099 0.07999999821186066
0 0.371874991687946 0.7162499839905649 0.07874999823980033 0.1149999974295497
0 0.44749998999759555 0.7831249824957922 0.1424999968148768 0.0712499984074384
0 0.5981249866308644 0.7612499829847366 0.06874999846331775 0.11749999737367034
0 0.6987499843817204 0.6612499852199107 0.05999999865889549 0.15499999653548002
0 0.29062499350402504 0.3574999920092523 0.06874999846331775 0.13999999687075615
0 0.38437499140854925 0.23562499473337084 0.10874999756924808 0.09624999784864485
0 0.5999999865889549 0.2543749943142757 0.09499999787658453 0.08374999812804163
0 0.4274999904446304 0.27624999382533133 0.07249999837949872 0.047499998938292265
0 0.553749987622723 0.37124999170191586 0.09749999782070518 0.08499999810010195
0 0.5956249866867438 0.32312499277759343 0.10124999773688614 0.0712499984074384
0 0.6824999847449362 0.3224999927915633 0.05749999871477485 0.11249999748542905
0 0.6406249856809154 0.39374999119900167 0.07374999835155904 0.10749999759718776
0 0.6768749848706648 0.4581249897601083 0.05124999885447323 0.08624999807216227
0 0.7537499831523746 0.3837499914225191 0.06999999843537807 0.15249999659135938
0 0.3643749918555841 0.37937499152030796 0.07374999835155904 0.10124999773688614
