0 0.3556086055468768 0.1118279593065381 0.12410501670092344 0.09032258251681924
0 0.6157518136315048 0.08387096947990358 0.12887828657403588 0.09032258251681924
0 0.5692124323686585 0.1440860244911164 0.07875895290635526 0.06881720572710037
0 0.6455847503384575 0.19247312226798385 0.1073985721450299 0.0967741955537349
0 0.3926014470634982 0.18064516503363848 0.12171838176436722 0.05161290429532528
0 0.541766130598262 0.20000000414438546 0.10501193720847368 0.07741935644298792
0 0.5477327179396525 0.27634409174788743 0.09307876252569258 0.0967741955537349
0 0.14081146125681698 0.28924731782171875 0.11455847695469856 0.08817204483784735
0 0.7565632748883218 0.29139785550069064 0.0954653974622488 0.11397849698550999
0 0.8365155452629551 0.30215054389555007 0.07398568303324282 0.11397849698550999
0 0.6933174490695819 0.41827957856003195 0.08830549265258014 0.11397849698550999
0 0.35202865314204246 0.35161291051190346 0.08830549265258014 0.11397849698550999
0 0.4188544313656166 0.3150537699693814 0.0835322227794677 0.04946236661635339
0 0.466587130096741 0.35161291051190346 0.09307876252569258 0.06666666804812849
0 0.45704059035051614 0.4268817292759195 0.09307876252569258 0.06236559269018471
0 0.3937947645317763 0.46989248285535723 0.10023866733536124 0.06666666804812849
0 0.2947494146646932 0.41075269668363035 0.10262530227191746 0.09032258251681924
0 0.1563245883444324 0.4150537720415741 0.0835322227794677 0.09032258251681924
0 0.11694511189125478 0.5602150653721765 0.10023866733536124 0.08387096947990358
0 0.2637231604894623 0.6193548515439034 0.11694511189125478 0.09032258251681924
0 0.28042960504535586 0.5139785052742809 0.09785203239880502 0.09032258251681924
0 0.38902149465866387 0.5795699044829234 0.10023866733536124 0.0795698941219598
0 0.5274463209789246 0.474193558213301 0.0954653974622488 0.11827957234345376
0 0.6085919088218361 0.42365592275746167 0.06205250835046172 0.07741935644298792
0 0.6169451310997829 0.5010752792004496 0.07875895290635526 0.09892473323270679
0 0.4868735270574689 0.6537634544074535 0.10023866733536124 0.19784946646541357
0 0.6479713852750137 0.6225806580623612 0.11694511189125478 0.09247312019579113
0 0.8090692434925586 0.5860215175198391 0.12887828657403588 0.10107527091167867
0 0.6694510997040197 0.7064516275422648 0.12171838176436722 0.10967742162756622
0 0.7231503857765347 0.7376344238873571 0.10978520708158612 0.10752688394859433
0 0.37350836757104844 0.7817204463062808 0.12171838176436722 0.06666666804812849
