0 0.022817461634986103 0.07852882356382906 0.04166666907258332 0.08151093078777194
0 0.06547619425691664 0.0864811094943434 0.06746032135561109 0.04174950113520026
0 0.1726190575864166 0.021868786308914423 0.08333333814516664 0.03578528668731451
0 0.21626985375769436 0.06560635892674327 0.04761905036866665 0.06361828744411469
0 0.2668650947744027 0.0248508935328573 0.08531746524386108 0.02982107223942876
0 0.3323412890313193 0.02584492927417159 0.06547619425691664 0.043737572617828846
0 0.44345240655820817 0.018886679084971547 0.08134921104647219 0.033797215204685926
0 0.3541666871169582 0.052683894289657474 0.07341270265169442 0.02982107223942876
0 0.28869049286004156 0.09443339542485774 0.04960317746736109 0.06958250189200044
0 0.22321429860312492 0.10735586006194353 0.10119048203341663 0.03180914372205734
0 0.12301588011905551 0.11530814599245787 0.07539682975038886 0.05964214447885752
0 0.022817461634986103 0.16898607602342963 0.04166666907258332 0.06759443040937185
0 0.0545634952140972 0.15606361138634384 0.04960317746736109 0.0616302159614861
0 0.014880953240208328 0.24950297106988728 0.025793652283027768 0.09343935968354344
0 0.05952381296083331 0.248508935328573 0.07142857555299997 0.05168985854834318
0 0.12003968947101384 0.16799204028211534 0.03373016067780554 0.037773358169943094
0 0.13888889690861106 0.17992046917788684 0.055555558763444424 0.07753478782251477
0 0.2311508069979027 0.19184889807365835 0.06547619425691664 0.053677930030971766
0 0.6567460696678609 0.0248508935328573 0.11111111752688885 0.04572564410045743
0 0.4811508214334026 0.08051689504645765 0.05753968586213887 0.037773358169943094
0 0.41468256362713873 0.10636182432062924 0.05952381296083331 0.037773358169943094
0 0.4097222458804026 0.14314114674925804 0.09325397363863885 0.05566600151360035
0 0.4861111391801387 0.11332007450982928 0.07936508394777775 0.03180914372205734
0 0.2827381115639582 0.18091450491920114 0.045634923269972205 0.05566600151360035
0 0.33829367032740265 0.16799204028211534 0.06547619425691664 0.05765407299622893
0 0.3313492254819721 0.1232604319229722 0.0634920671582222 0.03180914372205734
0 0.6130952734965831 0.12226639618165791 0.08730159234255552 0.04572564410045743
0 0.5138889185618609 0.14413518249057233 0.08333333814516664 0.04174950113520026
0 0.4900793933775276 0.1858846836257726 0.10317460913211107 0.04174950113520026
0 0.3452381151728332 0.21968189883045852 0.07142857555299997 0.04572564410045743
0 0.2132936631096527 0.2743538646027446 0.08928571944124997 0.043737572617828846
0 0.22817461634986103 0.23757454217411578 0.07142857555299997 0.0497017870657146
0 0.11111111752688885 0.2614313999656588 0.0634920671582222 0.05765407299622893
0 0.050595241016708314 0.37574551021680236 0.04960317746736109 0.1232604319229722
0 0.08035714749712497 0.35089461668394506 0.045634923269972205 0.0616302159614861
0 0.12202381656970829 0.32803179463371634 0.05753968586213887 0.09145128820091486
0 0.8075397291686386 0.018886679084971547 0.04761905036866665 0.02982107223942876
0 0.9325397363863885 0.032803179463371634 0.07142857555299997 0.04572564410045743
0 0.809523856267333 0.05964214447885752 0.055555558763444424 0.05168985854834318
0 0.8680556056788191 0.06660039466805756 0.05753968586213887 0.06560635892674327
0 0.9494048167252913 0.08349900227040052 0.045634923269972205 0.05168985854834318
0 0.9444444989785552 0.13320078933611512 0.04365079617127776 0.05964214447885752
0 0.9087302112020552 0.14214711100794375 0.051587304566055536 0.06560635892674327
0 0.8571429066359997 0.12922464637085795 0.04365079617127776 0.05566600151360035
0 0.8144841740140691 0.0994035741314292 0.06547619425691664 0.05566600151360035
0 0.7668651236454025 0.1242544676642865 0.06944444845430553 0.06958250189200044
0 0.7172619461780414 0.16500993305817246 0.07341270265169442 0.03578528668731451
0 0.6557540061185136 0.19184889807365835 0.06547619425691664 0.07753478782251477
0 0.7321428994182497 0.2087475056760013 0.0634920671582222 0.07554671633988619
0 0.8621032243827358 0.22763418476097286 0.06547619425691664 0.08946321671828628
0 0.9533730709226802 0.30019879387691617 0.04166666907258332 0.08349900227040052
0 0.7162698826286942 0.27932404330931604 0.055555558763444424 0.0497017870657146
0 0.7817460768856108 0.27833000756800175 0.055555558763444424 0.06759443040937185
0 0.8402778262970969 0.30417493684217334 0.04166666907258332 0.03976142965257168
0 0.845238144043833 0.3827037604060024 0.039682541973888874 0.0735586448572576
0 0.8849206860177219 0.37574551021680236 0.051587304566055536 0.08747514523565769
0 0.9484127531759441 0.3737574387341738 0.039682541973888874 0.05566600151360035
0 0.9662698970641941 0.4463220478501171 0.0634920671582222 0.09343935968354344
0 0.9196429102448747 0.4602385482285172 0.045634923269972205 0.08151093078777194
0 0.9285714821889997 0.527832978637889 0.03571428777649999 0.06560635892674327
0 0.9573413251200691 0.5844930158928037 0.05753968586213887 0.07554671633988619
0 0.8948413215111941 0.5894631945993751 0.04761905036866665 0.08946321671828628
0 0.8422619533957914 0.4473160835914314 0.05357143166474998 0.08747514523565769
0 0.7023809929378331 0.34095425927080214 0.051587304566055536 0.08151093078777194
0 0.7490079797571525 0.3936381535604596 0.045634923269972205 0.09542743116617203
0 0.7708333778427914 0.47316101286560297 0.05357143166474998 0.09145128820091486
0 0.661706387414597 0.45129222655668855 0.045634923269972205 0.08747514523565769
0 0.7083333742339164 0.4671967984177172 0.039682541973888874 0.09542743116617203
0 0.42063494492322206 0.24353875662200153 0.07142857555299997 0.033797215204685926
0 0.4801587578840554 0.2584492927417159 0.08333333814516664 0.03976142965257168
0 0.563492096029222 0.23061629198491573 0.08333333814516664 0.05566600151360035
0 0.5615079689305276 0.30318090110085905 0.11904762592166662 0.0497017870657146
0 0.29265874705743045 0.33797215204685926 0.0773809568490833 0.07952285930514336
0 0.41170637297909707 0.3598409383557737 0.07341270265169442 0.047713715583086014
0 0.3730158945545554 0.35089461668394506 0.055555558763444424 0.053677930030971766
0 0.4305555804166943 0.3071570440661162 0.10317460913211107 0.0497017870657146
0 0.03769841487519443 0.49900594213977456 0.04761905036866665 0.09542743116617203
0 0.12202381656970829 0.45129222655668855 0.045634923269972205 0.11928428895771503
0 0.17460318468511105 0.42743536876514554 0.05952381296083331 0.0994035741314292
0 0.08234127459581941 0.49801190639846027 0.05357143166474998 0.07753478782251477
0 0.029761906480416656 0.5825049444101751 0.04761905036866665 0.07554671633988619
0 0.0773809568490833 0.5815109086688608 0.04365079617127776 0.10139164561405778
0 0.17956350243184716 0.537773336051032 0.061507940059527755 0.08548707375302911
0 0.34722224227152765 0.4224651900585741 0.051587304566055536 0.06560635892674327
0 0.4216270084725693 0.4224651900585741 0.061507940059527755 0.05765407299622893
0 0.48710320272948593 0.3588469026144594 0.08134921104647219 0.04174950113520026
0 0.6130952734965831 0.35089461668394506 0.06746032135561109 0.04572564410045743
0 0.5744047950720415 0.36381708132103086 0.05357143166474998 0.06361828744411469
0 0.5505952698877081 0.38966201059520245 0.045634923269972205 0.07157057337462902
0 0.5000000288709998 0.41252483264543116 0.05952381296083331 0.033797215204685926
0 0.3908730384428054 0.5029820851050317 0.05952381296083331 0.09145128820091486
0 0.2500000144354999 0.4721669771242887 0.027777779381722212 0.08151093078777194
0 0.27976192091591656 0.48608347750268877 0.03571428777649999 0.11332007450982928
0 0.3035714461002499 0.47813119157217443 0.03571428777649999 0.08151093078777194
0 0.5972222567070276 0.4940357634332031 0.09126984653994441 0.04572564410045743
0 0.5962301931576803 0.4671967984177172 0.03373016067780554 0.03976142965257168
0 0.45238097850233316 0.4711729413829744 0.05952381296083331 0.03976142965257168
0 0.4632936775451526 0.5059641923289746 0.025793652283027768 0.033797215204685926
0 0.5208333634072915 0.5228627999313176 0.05753968586213887 0.05964214447885752
0 0.49206352047622204 0.5536779079120606 0.055555558763444424 0.0497017870657146
0 0.3551587506663054 0.5695824797730893 0.039682541973888874 0.0616302159614861
0 0.39781748328823596 0.5646123010665178 0.045634923269972205 0.043737572617828846
0 0.3809524029493332 0.6113319809082896 0.039682541973888874 0.037773358169943094
0 0.29365081060677767 0.5934393375646323 0.04365079617127776 0.0735586448572576
0 0.22916667989920825 0.5974154805298895 0.04960317746736109 0.08946321671828628
0 0.18353175662923604 0.6123260166496038 0.04960317746736109 0.07554671633988619
0 0.07142857555299997 0.6868786972481757 0.04761905036866665 0.11332007450982928
0 0.024801588733680546 0.721669948194176 0.03769841487519443 0.10337971709668636
0 0.2311508069979027 0.7087474835570902 0.05357143166474998 0.09741550264880061
0 0.15178572305012494 0.7087474835570902 0.04166666907258332 0.11729621747508645
0 0.11507937172427773 0.7713717352598906 0.0952381007373333 0.05168985854834318
0 0.3095238273963332 0.6600397322326899 0.051587304566055536 0.05964214447885752
0 0.06845238490495831 0.8459244158584625 0.04960317746736109 0.08548707375302911
0 0.03769841487519443 0.8996023458894342 0.05952381296083331 0.06958250189200044
0 0.025793652283027768 0.9453279899898916 0.04761905036866665 0.06560635892674327
0 0.4315476439660415 0.7166997694876045 0.0773809568490833 0.06560635892674327
0 0.362103195511736 0.6928429116960615 0.045634923269972205 0.0616302159614861
0 0.3680555768078193 0.6500993748195469 0.061507940059527755 0.05964214447885752
0 0.4394841523608193 0.6461232318542898 0.07341270265169442 0.07157057337462902
0 0.5446428885916248 0.5864810873754323 0.08531746524386108 0.047713715583086014
0 0.6200397183420137 0.5666003725491464 0.045634923269972205 0.05566600151360035
0 0.6865079761482775 0.5735586227383465 0.06746032135561109 0.0497017870657146
0 0.8224206824088469 0.561630193842575 0.045634923269972205 0.13320078933611512
0 0.7490079797571525 0.5844930158928037 0.03373016067780554 0.09542743116617203
0 0.7638889329973608 0.640159017406404 0.0317460335791111 0.1113320030272007
0 0.8392857627477497 0.6709741253871471 0.04365079617127776 0.06958250189200044
0 0.934523863485083 0.7196818767115474 0.055555558763444424 0.07952285930514336
0 0.5436508250422776 0.7614313778467476 0.0952381007373333 0.047713715583086014
0 0.5148809821112081 0.664015875197947 0.061507940059527755 0.047713715583086014
0 0.5644841595785692 0.704771340591833 0.08928571944124997 0.037773358169943094
0 0.6686508322600275 0.7097415192984045 0.08730159234255552 0.043737572617828846
0 0.581349239917472 0.6679920181632042 0.05952381296083331 0.03578528668731451
0 0.6398809893289581 0.6530814820434898 0.05753968586213887 0.08151093078777194
0 0.7123016284313053 0.735586448572576 0.0634920671582222 0.03180914372205734
0 0.7440476620104164 0.7445327702444047 0.0634920671582222 0.0497017870657146
0 0.7728175049414858 0.7783299854490906 0.06547619425691664 0.08151093078777194
0 0.8511905253399163 0.7673955922946334 0.08730159234255552 0.08349900227040052
0 0.14384921465534717 0.8638170592021197 0.07341270265169442 0.053677930030971766
0 0.17063493048772216 0.8250496652908623 0.055555558763444424 0.05168985854834318
0 0.2311508069979027 0.8916500599589199 0.0773809568490833 0.0616302159614861
0 0.14781746885273606 0.9562623831443489 0.05753968586213887 0.08349900227040052
0 0.2807539844652638 0.9622265975922346 0.06944444845430553 0.06361828744411469
0 0.21031747246161103 0.953280275920406 0.07936508394777775 0.0497017870657146
0 0.3005952554522082 0.8638170592021197 0.08134921104647219 0.08151093078777194
0 0.40079367393627763 0.857852844754234 0.07936508394777775 0.04572564410045743
0 0.40178573748562485 0.8936381314415485 0.06944444845430553 0.04572564410045743
0 0.36011906841304153 0.9244532394222915 0.061507940059527755 0.047713715583086014
0 0.4444444701075554 0.9463220257312059 0.07142857555299997 0.047713715583086014
0 0.5168651092099026 0.9105367390438914 0.06944444845430553 0.05168985854834318
0 0.5873016212135553 0.9353876325767487 0.07936508394777775 0.04572564410045743
0 0.634920671582222 0.8628230234608054 0.09920635493472219 0.07157057337462902
0 0.6398809893289581 0.8041749147232622 0.08134921104647219 0.0497017870657146
0 0.6805555948521942 0.8161033436190337 0.039682541973888874 0.04572564410045743
0 0.7440476620104164 0.8667991664260626 0.07539682975038886 0.07952285930514336
0 0.8482143346918747 0.8797216310631484 0.0773809568490833 0.053677930030971766
0 0.7678571871947497 0.9353876325767487 0.07936508394777775 0.08548707375302911
0 0.9037698934553191 0.9353876325767487 0.09722222783602774 0.04174950113520026
0 0.8392857627477497 0.9592444903682917 0.09126984653994441 0.053677930030971766
0 0.9662698970641941 0.8946321671828628 0.04761905036866665 0.08747514523565769
0 0.9573413251200691 0.8658051306847483 0.06547619425691664 0.07753478782251477
0 0.9682540241628885 0.977137133711949 0.0634920671582222 0.04174950113520026
0 0.41567462717648596 0.9811132766772062 0.08928571944124997 0.037773358169943094
0 0.21130953601095825 0.9821073124185205 0.061507940059527755 0.03578528668731451
0 0.4047619281336665 0.7972166645340621 0.06746032135561109 0.05168985854834318
0 0.4543651056010276 0.7882703428622335 0.06746032135561109 0.053677930030971766
0 0.30654763674829155 0.7823061284143478 0.05753968586213887 0.05765407299622893
0 0.3224206535378471 0.7534790919162333 0.07341270265169442 0.05964214447885752
0 0.20039683696813881 0.7246520554181188 0.03571428777649999 0.10934393154457211
0 0.9801587867550552 0.704771340591833 0.039682541973888874 0.07753478782251477
0 0.26091271347831935 0.2992047581356019 0.09325397363863885 0.0735586448572576
