0 0.10724852210842073 0.3158284064847976 0.08136094780638814 0.15828402573242784
0 0.12573964660987258 0.5643491197843105 0.1390532562509179 0.05769230844452977
0 0.5710059246048331 0.23446745867840946 0.08875739760696888 0.13757396629080176
0 0.77958580898121 0.21745562413707376 0.12426035664975643 0.10946745704859495
0 0.7344674651976675 0.269970417721197 0.10207100724801421 0.1139053269289434
0 0.6575443872716278 0.48520710691809654 0.09023668756708503 0.1390532562509179
0 0.8047337383031845 0.590236694086343 0.06508875824511051 0.1508875759318471
0 0.869822496548295 0.5843195342458785 0.0769230779260397 0.19822485465556383
0 0.36316568520851433 0.8875739760696888 0.12278106668964028 0.09763313736766577
0 0.45636095269583166 0.8957100708503276 0.1079881670884788 0.09615384740754962
