0 0.4324073997559026 0.3828125199652277 0.06481481366790831 0.03020833490882069
0 0.3111111056059599 0.4429687731026206 0.06296296184882522 0.04218750220024958
0 0.10138888709479943 0.46432294088299386 0.052777776843868196 0.028645834827329963
0 0.25925925467163324 0.440885439660633 0.05370370275340974 0.02656250138534233
0 0.1407407382503152 0.4953125258325599 0.029629629105329514 0.03958333539776504
0 0.16296296007931232 0.4856771086633671 0.0333333327434957 0.0432291689212434
0 0.3124999944702722 0.526302110782126 0.04907407320570201 0.04218750220024958
0 0.34675925312330946 0.5127604434092063 0.05462962866295129 0.02656250138534233
0 0.49259258387610316 0.4270833556074649 0.05555555457249284 0.034375001792795956
0 0.5694444343680516 0.46093752403976396 0.05555555457249284 0.029166668187826872
0 0.6847222101059742 0.4765625248546712 0.04907407320570201 0.03541666851378977
0 0.670833321462851 0.5013021094782744 0.04907407320570201 0.02343750122236088
0 0.8208333188085817 0.4992187760362867 0.08055555413011461 0.025520834664348513
0 0.7986110969795845 0.4653646076039877 0.07685185049194843 0.044270835642237216
0 0.40462962246965617 0.4549479403940495 0.05740740639157593 0.02343750122236088
0 0.42083332588663325 0.48723960874485783 0.04537036956753582 0.024479167943354696
0 0.48935184319270775 0.4924479423498269 0.04907407320570201 0.01614583417540416
0 0.5004629541072063 0.5174479436536785 0.039814814110286534 0.030729168269317597
0 0.5634259159560315 0.4835937752213795 0.06759259139653295 0.019270834338385612
0 0.7379629499046132 0.5351562779105734 0.06111111002974212 0.030729168269317597
0 0.64629628486 0.5278646108636167 0.04814814729616046 0.025520834664348513
0 0.6333333221264184 0.5500000286847353 0.04074074001982808 0.028125001466833055
0 0.7050925801158883 0.5674479462613817 0.04722222138661891 0.024479167943354696
0 0.6578703587292694 0.5796875302330591 0.04351851774845272 0.017708334256894886
0 0.6759259139653295 0.5942708643269725 0.02777777728624642 0.020833334419876337
0 0.6453703589504585 0.59973961461219 0.049999999115243554 0.025520834664348513
0 0.6828703582868911 0.6158854487875942 0.04537036956753582 0.022395834501367062
0 0.7013888764777221 0.6325521163234953 0.05833333230111748 0.022395834501367062
0 0.28194443945540115 0.5809896136343013 0.0861111095873639 0.021354167780373245
0 0.16944444144610316 0.6096354484616313 0.09074073913507164 0.027604168106336147
0 0.10787036846159026 0.608854198420886 0.04166666592936963 0.038541668676771224
0 0.11712962755700573 0.6367187832074706 0.04166666592936963 0.025520834664348513
0 0.224999996018596 0.6270833660382777 0.0666666654869914 0.031250001629814506
0 0.28935184673173353 0.60312503145542 0.04722222138661891 0.018750000977888703
0 0.3263888831133954 0.5955729477282148 0.04166666592936963 0.019270834338385612
0 0.3499999938067049 0.6020833647344261 0.04074074001982808 0.04062500211875886
0 0.4166666592936963 0.5778646134713199 0.04074074001982808 0.04531250236323103
0 0.4671296213637106 0.5656250294996426 0.04722222138661891 0.018750000977888703
0 0.5347222127602436 0.5679687796218786 0.04907407320570201 0.025520834664348513
0 0.5754629527800716 0.5755208633490838 0.04722222138661891 0.034375001792795956
0 0.4518518438562751 0.5955729477282148 0.029629629105329514 0.027604168106336147
0 0.4689814731827937 0.6049479482171591 0.036111110472120345 0.02656250138534233
0 0.5013888800167479 0.5921875308849849 0.04537036956753582 0.018750000977888703
0 0.5189814722980373 0.6000000312924385 0.04907407320570201 0.012500000651925802
0 0.5101851761573926 0.6192708656308241 0.02777777728624642 0.023958334582857788
0 0.5240740648005158 0.6304687828815077 0.02037037000991404 0.028645834827329963
0 0.5388888793531805 0.6236979491950478 0.025925925467163324 0.028645834827329963
0 0.5648148048203439 0.6143229487061035 0.03703703638166189 0.027604168106336147
0 0.5939814709709026 0.6307291995617561 0.03796296229120344 0.034375001792795956
0 0.288425920822192 0.6364583665272221 0.04166666592936963 0.02291666786186397
0 0.32916666084202006 0.642708366853185 0.032407406833954155 0.029166668187826872
0 0.3657407342689112 0.6463542003766634 0.025925925467163324 0.018750000977888703
0 0.3972222151933238 0.6408854500914458 0.0333333327434957 0.031770834990311414
0 0.44027776998700574 0.6244791992357932 0.04166666592936963 0.018750000977888703
0 0.4851851765997708 0.6375000332482159 0.05925925821065903 0.020833334419876337
0 0.5041666577453725 0.6593750343890861 0.04722222138661891 0.01979166769888252
0 0.5527777679963037 0.6481771171384025 0.029629629105329514 0.022395834501367062
0 0.030092592060100287 0.6210937823925633 0.04351851774845272 0.04739583580521867
0 0.03842592524597421 0.6924479527806398 0.06944444321561605 0.04218750220024958
0 0.020833332964684814 0.7460937889118213 0.04166666592936963 0.027604168106336147
0 0.15370370098389685 0.6843750356929377 0.042592591838911176 0.03229166835080832
0 0.12546296074287966 0.7085937869560439 0.052777776843868196 0.02968750154832378
0 0.20231481123482808 0.6776042020064779 0.04166666592936963 0.034375001792795956
0 0.2356481439783238 0.6726562850817572 0.028703703195787966 0.04010416875826195
0 0.25601851398823783 0.6953125362633727 0.05462962866295129 0.028125001466833055
0 0.40509258542442694 0.6940104528621305 0.04537036956753582 0.027604168106336147
0 0.347685179032851 0.7169271207239944 0.04537036956753582 0.030729168269317597
0 0.3180555499275215 0.7117187871190254 0.04907407320570201 0.02343750122236088
0 0.2180555516970344 0.7656250399304554 0.04907407320570201 0.03958333539776504
0 0.2921296244603582 0.7322917048586532 0.04351851774845272 0.023958334582857788
0 0.23749999579740688 0.7273437879339326 0.04537036956753582 0.02968750154832378
0 0.2476851808023639 0.7966146248800214 0.04907407320570201 0.02656250138534233
0 0.3412036976660602 0.7989583750022575 0.0509259250247851 0.031250001629814506
0 0.4268518442986533 0.733854204940144 0.06111111002974212 0.03645833523478359
0 0.3606481417664327 0.7445312888303306 0.04722222138661891 0.018229167617391795
0 0.4041666595148854 0.770572956855176 0.0509259250247851 0.025520834664348513
0 0.46435184363508597 0.8114583756541833 0.04166666592936963 0.034375001792795956
0 0.3546296233544126 0.7713542068959214 0.042592591838911176 0.017708334256894886
0 0.5398148052627221 0.7200521208869759 0.03888888820074499 0.030729168269317597
0 0.56851850845851 0.7078125369152986 0.046296295477077365 0.031250001629814506
0 0.6148148039355874 0.7135417038807645 0.04814814729616046 0.03958333539776504
0 0.6018518412020057 0.6757812852447387 0.05740740639157593 0.022395834501367062
0 0.7449073942261748 0.6786458687274717 0.0861111095873639 0.03020833490882069
0 0.6495370255433954 0.6783854520472232 0.04537036956753582 0.025520834664348513
0 0.6754629510105588 0.6947917029028758 0.04351851774845272 0.031250001629814506
0 0.7949073933414184 0.7065104535140563 0.056481480482034385 0.041145835479255766
0 0.8731481326976791 0.6492187838593964 0.0351851845625788 0.04218750220024958
0 0.9240740577224642 0.6393229500099551 0.02777777728624642 0.038020835316274315
0 0.9680555384256877 0.6276041993987747 0.04166666592936963 0.034375001792795956
0 0.9643518347875215 0.6546875341446139 0.04166666592936963 0.03333333507180214
0 0.9842592418426648 0.6429687835334335 0.029629629105329514 0.02343750122236088
0 0.6671296178246848 0.7242187877709512 0.04537036956753582 0.027604168106336147
0 0.6416666553122923 0.7528646225982811 0.0333333327434957 0.02968750154832378
0 0.6884259137441404 0.7518229558772873 0.03796296229120344 0.02343750122236088
0 0.3300925867515616 0.8270833764690906 0.09722222050186247 0.025000001303851604
0 0.36666666017845273 0.8760417123558 0.07962962822057307 0.018750000977888703
0 0.4055555483791977 0.8539062945346814 0.08333333185873926 0.0432291689212434
0 0.47546295454958454 0.8796875458792783 0.07685185049194843 0.031250001629814506
0 0.5499999902676791 0.816406292578904 0.06296296184882522 0.04635416908422485
0 0.6189814705285244 0.8072917087702081 0.04722222138661891 0.03229166835080832
0 0.6541666550911032 0.7859375409898348 0.039814814110286534 0.03229166835080832
0 0.6962962839752436 0.8083333754912019 0.06481481366790831 0.03229166835080832
0 0.703703691251576 0.8476562942087185 0.05555555457249284 0.05052083596820012
0 0.7652777642360888 0.8239583763061091 0.06944444321561605 0.034375001792795956
0 0.9263888724963181 0.7765625405008905 0.10648147959727794 0.03750000195577741
0 0.8685185031499714 0.7984375416417606 0.09074073913507164 0.03229166835080832
0 0.850925910868682 0.8226562929048669 0.08703703549690545 0.027604168106336147
0 0.2708333285409026 0.4031250210246071 0.052777776843868196 0.031250001629814506
0 0.1754629598581232 0.7268229545734357 0.04351851774845272 0.03593750187428668
0 0.1754629598581232 0.7070312868745532 0.036111110472120345 0.022395834501367062
0 0.4791666581877507 0.7455729555513244 0.0509259250247851 0.044270835642237216
