0 0.23651453526690602 0.15692640678025782 0.20746889058500528 0.11471861461177468
0 0.14626556786242872 0.2489177486859262 0.20124482386745512 0.10389610379934311
0 0.08298755623400211 0.3560606057289988 0.11618257872760296 0.12770562758669257
0 0.20539420167915523 0.3073593070730567 0.13278008997440338 0.12121212109923363
0 0.2282157796435058 0.3636363632977009 0.1410788455978036 0.12554112542420626
0 0.13900415669195354 0.43290043249726295 0.2116182683967054 0.07792207784950733
0 0.2157676462084055 0.467532467097044 0.18672200152650476 0.1774891773238778
0 0.25414939096663147 0.5714285708963871 0.1099585120100528 0.21212121192365885
0 0.3692946252413094 0.6417748911771923 0.13278008997440338 0.2359307357110083
0 0.29668051353655756 0.832251081475988 0.17012449027970433 0.13636363623663783
0 0.40560168109368533 0.7889610382262617 0.20539420167915523 0.12770562758669257
0 0.4045643366407603 0.34632034599781036 0.07883817842230201 0.2510822508484125
0 0.42946060351096094 0.5898268392775208 0.0705394227989018 0.25324675301089883
0 0.471991726080887 0.5075757571030408 0.08921162295155227 0.2792207789607346
0 0.48132782615721226 0.35389610356651247 0.10788382310420275 0.2359307357110083
0 0.45435687038116157 0.14177489164285362 0.1369294677861035 0.19696969678625464
0 0.5238589487271383 0.09956709947437048 0.13070540106855333 0.16883116867393255
0 0.6141079161316156 0.15043290029279888 0.1410788455978036 0.2489177486859262
0 0.7033195390831679 0.1601731600239873 0.1452282234095037 0.2034632032737136
0 0.7022821946302429 0.29329004301689565 0.11825726763345301 0.2359307357110083
0 0.7966805398464203 0.2965367962606251 0.18257262371480465 0.11255411244928837
0 0.7136929836124182 0.47835497790947556 0.17427386809140444 0.2640692638233304
0 0.5860996159026399 0.4978354973718524 0.12240664544515312 0.3939393935725093
0 0.8350622846046463 0.41991341952234507 0.13900415669195354 0.2640692638233304
0 0.904564362950623 0.426406926009804 0.12033195653930306 0.17316017299890518
0 0.8724066849099472 0.5562770557589829 0.17219917918555439 0.19480519462376833
0 0.8278008734341711 0.7640692633576691 0.15767635684460402 0.27272727247327566
0 0.6317427718313411 0.8214285706635565 0.1929460682440549 0.2792207789607346
