0 0.4674999895505607 0.16749999625608325 0.11249999748542905 0.10749999759718776
0 0.45249998988583684 0.2706249939510599 0.1649999963119626 0.08124999818392098
0 0.29687499336432666 0.38124999147839844 0.16374999633990228 0.11749999737367034
0 0.09124999796040356 0.41999999061226845 0.06999999843537807 0.07749999826774001
0 0.11624999740161002 0.4462499900255352 0.06999999843537807 0.06499999854713678
0 0.3087499930988997 0.4581249897601083 0.1149999974295497 0.07374999835155904
0 0.42812499043066055 0.4562499898020178 0.0437499990221113 0.09749999782070518
0 0.4081249908776954 0.4612499896902591 0.0662499985191971 0.07749999826774001
0 0.3237499927636236 0.5681249873014167 0.11999999731779099 0.05124999885447323
0 0.21437499520834535 0.5431249878602102 0.09624999784864485 0.06874999846331775
0 0.13062499708030373 0.5799999870359898 0.13374999701045454 0.06499999854713678
0 0.21062499529216439 0.6443749855970964 0.1487499966751784 0.05874999868683517
0 0.5787499870639294 0.6656249851221219 0.13999999687075615 0.061249998630955815
0 0.2768749938113615 0.7337499835994095 0.08874999801628292 0.07999999821186066
0 0.333124992554076 0.7287499837111682 0.07874999823980033 0.04999999888241291
0 0.371874991687946 0.743749983375892 0.06874999846331775 0.09749999782070518
0 0.3918749912409112 0.7918749823002145 0.07874999823980033 0.04124999907799065
0 0.45687498978804797 0.7749999826774001 0.05124999885447323 0.08499999810010195
0 0.4824999892152846 0.728124983725138 0.09749999782070518 0.056249998742714524
0 0.6337499858345836 0.7831249824957922 0.15249999659135938 0.056249998742714524
0 0.5293749881675467 0.7993749821325764 0.04624999896623194 0.07374999835155904
0 0.6012499865610152 0.18687499582301825 0.09499999787658453 0.08874999801628292
0 0.6218749861000106 0.26937499397899956 0.13874999689869583 0.07374999835155904
0 0.7712499827612191 0.17437499610241503 0.07749999826774001 0.10874999756924808
0 0.7443749833619222 0.236249994719401 0.08874999801628292 0.09249999793246388
0 0.8012499820906669 0.2899999935179949 0.05999999865889549 0.11999999731779099
0 0.7287499837111682 0.32749999267980456 0.06499999854713678 0.12249999726191163
0 0.731874983641319 0.44562499003950506 0.08374999812804163 0.10374999768100679
0 0.8387499812524766 0.3981249911012128 0.052499998826533556 0.1537499965634197
0 0.871249980526045 0.32624999270774424 0.06499999854713678 0.13999999687075615
0 0.8306249814340845 0.27624999382533133 0.061249998630955815 0.1149999974295497
0 0.8812499803025275 0.5918749867705628 0.06249999860301614 0.12124999728985131
