0 0.18563299952074885 0.1887835726956837 0.07823613006621599 0.16903633705805987
0 0.20341393817216158 0.4541864196653478 0.1337126586586237 0.06161137518938631
0 0.63157894089818 0.1018957358901389 0.08534850552678108 0.1469194331439212
0 0.8321479288861156 0.08372827910352498 0.11948790773749352 0.116903634974733
0 0.7887624385766685 0.13981042831437662 0.09815078135579824 0.12164297152776271
0 0.7147937337867916 0.36966825113631785 0.0867709806188941 0.1484992119949311
0 0.8563300054520369 0.48183254955802113 0.0625889040529728 0.16113744280301034
0 0.9189189095050097 0.4755134341539815 0.07396870478987694 0.21169036603532732
0 0.431721190456301 0.7993680986110121 0.1180654326453805 0.10426540416665375
0 0.5213371212594211 0.8080568822915666 0.10384068172425032 0.10268562531564385
