0 0.5125785986892879 0.11697575217112899 0.14150942908599973 0.13124108780175447
0 0.167452824418433 0.26818830985575914 0.1933962197508663 0.06276747677475214
0 0.1823899308219552 0.3530670568579808 0.16037735296413302 0.06704707746393979
0 0.523584887618199 0.28744651295710355 0.08490565745159984 0.17261056113056839
0 0.6273584689479321 0.20898716698866338 0.09433961939066648 0.1583452254999429
0 0.3199685424333438 0.3580599243286997 0.1179245242383331 0.06562054390087724
0 0.8199685252038762 0.2910128468647599 0.09905660036019981 0.12553495354950428
0 0.7798741869628429 0.4201141343219206 0.08805031143128872 0.18687589676119387
0 0.5361635035369545 0.46504994155839086 0.15094339102506638 0.0998573494143784
0 0.10062892735004425 0.5042796145426109 0.1100628892891109 0.12410841998644173
0 0.13757861161138862 0.6355207023443654 0.10849056229926646 0.13837375561706722
0 0.26808175176847726 0.6925820448668674 0.14622641005553305 0.0556348089594394
0 0.36713835212867707 0.6947218452114612 0.08018867648206651 0.11412268504500389
0 0.31289307097904384 0.7417974527925253 0.08176100347191095 0.11697575217112899
0 0.6218553244834766 0.6326676352182403 0.0833333304617554 0.18687589676119387
0 0.7287735597928986 0.6554921722272411 0.15251571801491082 0.09557774872519076
