0 0.2220000105444342 0.339000016101636 0.17600000835955143 0.09400000446476042
0 0.1970000093569979 0.4290000203764066 0.11800000560469925 0.06600000313483179
0 0.277000013156794 0.5370000255061314 0.24200001149438322 0.09800000465475023
0 0.23500001116190106 0.6800000322982669 0.12200000579468906 0.16800000797957182
0 0.3310000157216564 0.7300000346731395 0.09000000427477062 0.1520000072196126
0 0.3840000182390213 0.6570000312058255 0.12000000569969416 0.17400000826455653
0 0.5400000256486237 0.13200000626966357 0.08800000417977571 0.05200000246986747
0 0.8190000389004126 0.3530000167666003 0.08200000389479101 0.13000000617466867
0 0.5620000266935676 0.554000026313588 0.08800000417977571 0.12000000569969416
0 0.687000032630749 0.47300002246629447 0.1460000069346279 0.19800000940449536
0 0.6390000303508714 0.6500000308733433 0.19800000940449536 0.10800000512972474
0 0.8360000397078693 0.585000027786009 0.08400000398978591 0.21800001035444438
0 0.605000028735958 0.7360000349581242 0.19000000902451575 0.09600000455975533
0 0.627000029780902 0.7950000377604738 0.17800000845454633 0.06200000294484198
0 0.6020000285934657 0.842000039992854 0.20000000949949026 0.0720000034198165
0 0.534000025363639 0.3310000157216564 0.11200000531971455 0.11800000560469925
0 0.6240000296384096 0.29300001391675323 0.05200000246986747 0.042000001994892955
