0 0.16374999633990228 0.5931249867426232 0.047499998938292265 0.0437499990221113
0 0.1668749962700531 0.5593749874969944 0.06874999846331775 0.04124999907799065
0 0.5624999874271452 0.611874986323528 0.11749999737367034 0.0437499990221113
0 0.35874999198131263 0.7293749836971983 0.1424999968148768 0.09374999790452421
0 0.6062499864492565 0.7181249839486554 0.13499999698251486 0.0712499984074384
0 0.49437498894985765 0.8218749816296622 0.11124999751336873 0.10124999773688614
0 0.5162499884609133 0.3806249914923683 0.1149999974295497 0.07374999835155904
0 0.5856249869102612 0.28749999357387424 0.07874999823980033 0.11999999731779099
0 0.646874985541217 0.3237499927636236 0.05124999885447323 0.12749999715015292
0 0.6862499846611172 0.2893749935319647 0.07499999832361937 0.1262499971780926
0 0.7349999835714698 0.3106249930569902 0.047499998938292265 0.16124999639578164
0 0.7981249821605161 0.4399999901652336 0.09124999796040356 0.11249999748542905
