0 0.10000000393483788 0.3562231849646196 0.11677852808497846 0.10300429444760084
0 0.11476510518696159 0.40128756378544495 0.07651007012464106 0.07296137523371726
0 0.2986577298725024 0.3183118821470998 0.13557047513313591 0.13304721366148442
0 0.5040268654702231 0.07367668283404782 0.1006711449008435 0.11874106165487319
0 0.48389263649005443 0.21030043449718505 0.17583893309347332 0.09728183364495635
0 0.43624162790365517 0.3905579497804865 0.04563758568838239 0.11731044645421207
0 0.4167785398894921 0.4220314841950312 0.05234899534843862 0.08869814244098961
0 0.3187919588526711 0.42560802219668403 0.1436241667252034 0.09298998804297298
0 0.21946309588383883 0.5064377810340375 0.10604027262888849 0.07153076003305614
0 0.12147651484701782 0.5486409294535406 0.12214765581302345 0.09871244884561747
0 0.345637597492896 0.5271817014436238 0.14899329445324838 0.05579399282578379
0 0.2127516862237826 0.6223176122875884 0.16778524150140584 0.054363377625122666
0 0.6127517019631341 0.652360531501472 0.12751678354106843 0.0629470688290894
0 0.6382550586713478 0.10729614004958421 0.08993288944475353 0.12303290725685656
0 0.6516778779914603 0.19384835968958214 0.13020134740509093 0.07868383603636175
0 0.8147651327308267 0.07725322083570063 0.09664429910480976 0.11731044645421207
0 0.7865772121585906 0.15164521127007902 0.11812081001698971 0.10300429444760084
0 0.7691275470424443 0.26251788932131603 0.09395973524078727 0.13304721366148442
0 0.8496644629631191 0.22532189410412684 0.05637584114447236 0.13304721366148442
0 0.8798658064333722 0.2131616648985073 0.0604026869405061 0.11158798565156758
0 0.9268456740537658 0.2575107361190021 0.06577181466855109 0.15450644167140126
0 0.8865772160934284 0.3390558025566861 0.05234899534843862 0.15450644167140126
0 0.7778523796005175 0.4005722561851144 0.09530201717279851 0.09728183364495635
0 0.9328859427478164 0.5636623890604824 0.07785235205665231 0.14020028966479003
0 0.6510067370254546 0.7703862855560146 0.1261745016090572 0.07582260563503951
0 0.5208053896203637 0.716022907930892 0.1234899377450347 0.06437768402975053
0 0.4798657906940207 0.774678131157998 0.05771812307648361 0.09012875764165074
0 0.4228188085835427 0.7961373591679148 0.11275168228894472 0.07010014483239502
0 0.3946308880113065 0.7324749827384949 0.09127517137676477 0.08297568163834512
0 0.2926174611784518 0.7410586739424616 0.0832214797846973 0.08297568163834512
0 0.3442953155608848 0.7288984447368421 0.09261745330877602 0.04721030162181705
0 0.5651006933767349 0.8061516655725427 0.04832214955240488 0.08440629683900625
0 0.522147671552375 0.8183118947781622 0.04563758568838239 0.048640916822478175
