0 0.06129368513938971 0.09907407232094556 0.06624934478895739 0.16759258962702006
0 0.18244652236171532 0.02199074035161175 0.10198225910426117 0.0439814807032235
0 0.21231089235516265 0.09814814641140401 0.06416275125229731 0.13148147915489972
0 0.36228480280260555 0.06944444321561605 0.06416275125229731 0.11574073869269341
0 0.1640584168198984 0.2583333287620917 0.05216483841650188 0.07314814685378224
0 0.1428012451651739 0.28912036525434814 0.03573291431530379 0.12731481256196275
0 0.14319248145329766 0.4655092510220129 0.07824725762475282 0.12916666438104585
0 0.024778298247838393 0.35578703074133955 0.041210222349036485 0.12546296074287966
0 0.6411058641388081 0.10486110925558023 0.08920187369221821 0.15601851575775072
0 0.3986697775981156 0.15023147882311605 0.07589983989601023 0.06527777662267908
0 0.5155190156510798 0.11365740539622493 0.08998434626846574 0.10787036846159026
0 0.48122063439222984 0.24004629204864614 0.0803338511614129 0.12546296074287966
0 0.4197965371567989 0.18773147815954871 0.05764214645023458 0.0597222211654298
0 0.23956702042778488 0.31898147583706304 0.05764214645023458 0.06759259139653295
0 0.27099633557372727 0.2407407364808023 0.027125715976580977 0.11574073869269341
0 0.3144235635554651 0.2604166620585602 0.06181533352355473 0.057870369346346706
0 0.33411579005769454 0.29398147627944127 0.07929055439308286 0.04814814729616046
0 0.39658318406145554 0.3439814753946848 0.08476786242681555 0.06759259139653295
0 0.3866718647623202 0.4249999924795702 0.0998956655676011 0.07129629503469914
0 0.26069377998646814 0.43865739964530803 0.04773082715109922 0.12546296074287966
0 0.047078766670892946 0.6363425813324284 0.05972873998689465 0.10416666482342407
0 0.041210222349036485 0.7145833206886891 0.07616066408809274 0.06342592480359599
0 0.11880541949358303 0.8166666522156447 0.06859676251769997 0.1333333309739828
0 0.2617370767547982 0.692361098859692 0.06964005928603001 0.0773148134467192
0 0.27529993474308867 0.7868055416329298 0.10772039133007638 0.08101851708488539
0 0.1776212748081889 0.9451388721645344 0.1053729736013338 0.057870369346346706
0 0.7775169165979605 0.1986111075966619 0.11841418320545927 0.1194444423308596
0 0.7610849924967624 0.03657407342689112 0.0944183575338684 0.06944444321561605
0 0.854068816974177 0.07222222094424069 0.07381324635935016 0.1175925905117765
0 0.9659623953775736 0.16273147860192694 0.06285863029188477 0.17175925621995702
0 0.9705268187390175 0.4395833255548496 0.05685967387398705 0.12361110892379656
0 0.5633802548982203 0.351851845625788 0.09233176399720833 0.07499999867286533
0 0.39045381554751657 0.5516203606093768 0.07929055439308286 0.10787036846159026
0 0.4084506848012097 0.7030092468194198 0.10015648975968361 0.10601851664250717
0 0.5942879216599977 0.5138888797955588 0.049817420687759295 0.1212962941499427
0 0.589853910394595 0.4502314735145774 0.058685443218564615 0.0597222211654298
0 0.47052684251684695 0.6025462856341619 0.03912362881237641 0.10972222028067335
0 0.5045643995836144 0.6962962839752436 0.04668753038276918 0.11574073869269341
0 0.5280385768710403 0.777314801060129 0.10876368809840642 0.07314814685378224
0 0.38901928249106277 0.8717592438333668 0.058685443218564615 0.09999999823048711
0 0.4415753571956884 0.8388888740446419 0.05529472872149199 0.1351851827930659
0 0.5730307500052731 0.8756944289489184 0.04016692558070645 0.13101851620012894
0 0.7116588080971269 0.7115740614826791 0.07589983989601023 0.07685185049194843
0 0.6665362228668528 0.5699073973228224 0.08581115919514559 0.11018518323544413
0 0.7768648561177542 0.555324064247543 0.04355764007777907 0.14675925666233525
0 0.8149451881618006 0.5986111005186103 0.0305164304736536 0.09814814641140401
0 0.9007563473569462 0.7337962833116762 0.06964005928603001 0.09444444277323782
0 0.6557120188954286 0.861111095873639 0.05529472872149199 0.17962962645106018
0 0.7464788377401419 0.8824073917930946 0.05216483841650188 0.1564814787125215
0 0.5117370648658834 0.9703703531995416 0.050078244879841805 0.05833333230111748
0 0.7117892201931681 0.35763888256042264 0.07824725762475282 0.05231481388909742
0 0.667188283347059 0.3055555501487106 0.06311945448396727 0.11018518323544413
0 0.8958006877073785 0.8226851706276648 0.03155972724198364 0.1175925905117765
0 0.9700051703548525 0.7974536895926576 0.057902970642317086 0.10601851664250717
0 0.942096981802024 0.8921296138432808 0.07824725762475282 0.09074073913507164
0 0.5829420693044085 0.6479166552016977 0.05529472872149199 0.09675925754709169
