0 0.09300000441726297 0.38100001809652895 0.13000000617466867 0.26600001263432205
0 0.21000000997446477 0.21500001021195203 0.12800000607967377 0.2380000113043934
0 0.3570000169565901 0.23500001116190106 0.11000000522471964 0.18200000864453614
0 0.29100001382175833 0.44500002113636583 0.13800000655464828 0.2220000105444342
0 0.17000000807456672 0.5870000278810039 0.18400000873953104 0.13800000655464828
0 0.30300001439172775 0.6370000302558765 0.1580000075045973 0.0740000035148114
0 0.42200002004392445 0.5940000282134861 0.16400000778958201 0.0760000036098063
0 0.39500001876149327 0.4440000210888684 0.08600000408478081 0.21200001006945968
0 0.5300000251736492 0.5010000237962231 0.20400000968948007 0.12200000579468906
0 0.5330000253161415 0.5770000274060294 0.11800000560469925 0.1540000073146075
0 0.30300001439172775 0.7120000338181853 0.1620000076945871 0.11200000531971455
0 0.4190000199014321 0.760000036098063 0.11000000522471964 0.19600000930950046
0 0.5100000242237002 0.7730000367155299 0.1560000074096024 0.10600000503472984
0 0.5240000248886645 0.8640000410377979 0.10000000474974513 0.1600000075995922
0 0.6560000311583281 0.6850000325357541 0.13200000626966357 0.13000000617466867
0 0.7140000339131802 0.7500000356230885 0.14000000664964318 0.0720000034198165
0 0.7240000343881547 0.8180000388529152 0.24400001158937812 0.08800000417977571
0 0.8320000395178795 0.5900000280234963 0.1560000074096024 0.10800000512972474
0 0.7620000361930579 0.627000029780902 0.10400000493973494 0.2220000105444342
0 0.8870000421302393 0.38500001828651875 0.10600000503472984 0.1580000075045973
0 0.7350000349106267 0.2500000118743628 0.09800000465475023 0.20000000949949026
0 0.5860000278335065 0.04700000223238021 0.20000000949949026 0.08600000408478081
0 0.6800000322982669 0.10800000512972474 0.1560000074096024 0.0720000034198165
0 0.5790000275010243 0.1520000072196126 0.1540000073146075 0.10000000474974513
0 0.627000029780902 0.3260000154841691 0.09400000446476042 0.144000006839633
0 0.4910000233212486 0.37300001771654934 0.12200000579468906 0.13000000617466867
0 0.4740000225137919 0.3020000143442303 0.10400000493973494 0.11600000550970435
0 0.7820000371430069 0.3960000188089907 0.12000000569969416 0.1520000072196126
0 0.6610000313958153 0.5480000260286033 0.16600000788457692 0.1520000072196126
0 0.7200000341981649 0.8140000386629254 0.24400001158937812 0.08800000417977571
0 0.7160000340081751 0.8100000384729356 0.24400001158937812 0.08800000417977571
0 0.709000033675693 0.7440000353381038 0.1620000076945871 0.08400000398978591
