0 0.40314771712291986 0.17769608472008258 0.15254237945191562 0.13970588729716837
0 0.5181598286144435 0.16053922136779875 0.08232445875182748 0.1593137311283499
0 0.6876513613387942 0.2107843211852014 0.29055691324174404 0.09313725819811225
0 0.4128329475643113 0.2732843233970925 0.10895884246565402 0.09558823867700994
0 0.5012106753420085 0.47916668362449855 0.09200968919321895 0.33578432560898364
0 0.5581114041851833 0.5453431565547362 0.08474576636217535 0.24754902836866677
0 0.801452819025144 0.3296568744117394 0.2130750697106123 0.11519608250819147
0 0.765133204869926 0.47058825194835663 0.24697337625548244 0.1862745163962245
0 0.7941888961941004 0.6274510025978088 0.3292978350073099 0.12745098490267992
0 0.2772397213848308 0.46323531051166356 0.19612591643817723 0.09803921915590763
0 0.23607749200891703 0.5759804125409573 0.1767554555553943 0.17156863352283835
0 0.2990314898779616 0.761029438697733 0.1622276098933071 0.13970588729716837
0 0.49636806012131274 0.7830882630078122 0.25181599147617817 0.11029412155039608
0 0.7409201287664473 0.7463235558243468 0.24697337625548244 0.11029412155039608
