0 0.4646983449347317 0.14092141203582287 0.1155327376909554 0.11653116764500737
0 0.449293979909271 0.2527100321603939 0.16944801528006792 0.08807588252238929
0 0.28947369277011603 0.3726287337485701 0.16816431819461286 0.1273712762631476
0 0.07830552221275866 0.41463415464386344 0.07188703678548336 0.08401084179058671
0 0.10397946392185986 0.4430894397664815 0.07188703678548336 0.07046070601791143
0 0.3016688150819391 0.45596206875052303 0.11810013186186552 0.07994580105878413
0 0.42426188674289733 0.45392954838462174 0.0449293979909271 0.10569105902686715
0 0.40372273337561637 0.45934960269369185 0.06803594552911818 0.08401084179058671
0 0.3170731801073998 0.5752032635500655 0.12323492020368576 0.05555555666796863
0 0.20474968513008207 0.5481029920047149 0.09884467558003962 0.07452574674971402
0 0.11874198040459305 0.588075892534107 0.13735558814369142 0.07046070601791143
0 0.2008985938737169 0.6578590917633846 0.15275995316915214 0.0636856381315738
0 0.5789473855402321 0.6808943225769326 0.14377407357096672 0.06639566528610885
0 0.26893453940283507 0.7547425625380129 0.09114249306730926 0.08672086894512177
0 0.32670090824831277 0.7493225082289428 0.08087291638366878 0.0542005430907011
0 0.36649551789741963 0.7655826711561531 0.0706033397000283 0.10569105902686715
0 0.3870346712647006 0.8177506938809529 0.08087291638366878 0.04471544804982841
0 0.4537869197083637 0.7994580105878413 0.05263158050365746 0.09214092325419188
0 0.48010270996019244 0.748645001440309 0.10012837266549468 0.06097561097703874
0 0.6354300573002547 0.8082655988400802 0.15661104442551732 0.06097561097703874
0 0.5282413506647572 0.8258807753445581 0.04749679216183722 0.07994580105878413
0 0.6020539330784231 0.16192412248346955 0.09756097849458456 0.09620596398599446
0 0.6232349349884316 0.25135501858312637 0.14249037648551166 0.07994580105878413
0 0.7766367367003113 0.14837398671079427 0.07958921929821372 0.1178861812222749
0 0.7490372493630275 0.21544715878553689 0.09114249306730926 0.10027100471779704
0 0.8074454667512327 0.27371274260804057 0.06161746010184288 0.13008130341768265
0 0.7329910357948393 0.3143631499260664 0.06675224844366312 0.1327913305722177
0 0.7362002785084769 0.44241193297784775 0.08600770472548902 0.11246612691320479
0 0.8459563793148845 0.3909214170416817 0.05391527758911252 0.1666666700039059
0 0.8793325035367161 0.31300813634879887 0.06675224844366312 0.1517615206539631
0 0.8376123482594267 0.25880759325809777 0.06290115718729794 0.12466124910861254
0 0.8896020802203566 0.6009485215181485 0.064184854272753 0.13143631699495018
