0 0.06300000299233943 0.1270207844208926 0.12200000579468906 0.0923787523061037
0 0.2010000095469877 0.48152424639556557 0.09800000465475023 0.24711316241882741
0 0.1910000090720132 0.061200923402793705 0.13000000617466867 0.07621247065253556
0 0.22700001078192145 0.13741339405532926 0.0740000035148114 0.15011547249741852
0 0.0780000037048012 0.29445727297570556 0.1520000072196126 0.1270207844208926
0 0.12000000569969416 0.3083140858216211 0.0800000037997961 0.10854503395967185
0 0.3040000144392252 0.28060046012979 0.17600000835955143 0.0946882211137563
0 0.27400001301430166 0.0635103922104463 0.06800000322982669 0.11316397157497704
0 0.3120000148192048 0.17667436378542334 0.0760000036098063 0.0946882211137563
0 0.29900001420173794 0.14780600368976593 0.09000000427477062 0.07852193946018815
0 0.3490000165766105 0.08429561147931963 0.03800000180490315 0.10392609634436667
0 0.39300001866649836 0.13856812845915556 0.07000000332482159 0.1570438789203763
0 0.39700001885648817 0.028868360095657408 0.09400000446476042 0.05311778257600963
0 0.4390000208513811 0.08545034588314593 0.058000002754852176 0.06004618899896741
0 0.5470000259811059 0.02540415688417852 0.10200000484474003 0.04618937615305185
0 0.6520000309683383 0.03117782890331 0.12000000569969416 0.057736720191314816
0 0.8980000426527113 0.024249422480352223 0.10000000474974513 0.04387990734539926
0 0.9690000460250303 0.10739029955584556 0.05400000256486237 0.12240184680558741
0 0.9330000443151221 0.19515011424664408 0.09000000427477062 0.06697459542192519
0 0.8760000416077673 0.2159353335155174 0.09600000455975533 0.12240184680558741
0 0.7530000357655808 0.13972286286298186 0.0740000035148114 0.07159353303723037
0 0.6320000300183892 0.1270207844208926 0.0760000036098063 0.07852193946018815
0 0.5010000237962231 0.1847575046122074 0.1540000073146075 0.055427251383662224
0 0.7730000367155299 0.21362586470786482 0.04600000218488276 0.04387990734539926
0 0.7280000345781446 0.17667436378542334 0.06000000284984708 0.05311778257600963
0 0.30500001448672265 0.39260969730094075 0.10600000503472984 0.15242494130507112
0 0.4290000203764066 0.3752886812435463 0.08200000389479101 0.19630484865047038
0 0.029000001377426088 0.48498844960704446 0.05400000256486237 0.1893764422275126
0 0.09300000441726297 0.5785219363169745 0.08200000389479101 0.13625865965150297
0 0.28400001348927617 0.6789838294498622 0.13600000645965338 0.09699768992140889
0 0.40600001928396523 0.5600461858557537 0.09200000436976552 0.13625865965150297
0 0.6540000310633332 0.3487297899555415 0.14000000664964318 0.1847575046122074
0 0.5500000261235982 0.3475750555517152 0.10000000474974513 0.17321016057394445
0 0.5500000261235982 0.45381062070373446 0.12800000607967377 0.08083140826784074
0 0.7420000352431089 0.24595842801500112 0.10000000474974513 0.08083140826784074
0 0.904000042937696 0.39376443170476705 0.08400000398978591 0.07159353303723037
0 0.9590000455500558 0.3822170876665041 0.08200000389479101 0.048498844960704446
0 0.8780000417027622 0.416859119781293 0.0760000036098063 0.20092378626577556
0 0.6560000311583281 0.59237874916289 0.06400000303983688 0.14087759726680815
0 0.6110000290209427 0.7066974551416934 0.0780000037048012 0.2217090055346489
0 0.43600002070888877 0.7563510345062241 0.13200000626966357 0.15011547249741852
0 0.2630000124918297 0.802540410659276 0.09400000446476042 0.13163972203619778
0 0.15500000736210495 0.759815237717703 0.0740000035148114 0.14780600368976593
0 0.07300000346731395 0.6893764390842989 0.10200000484474003 0.10854503395967185
0 0.06100000289734453 0.7309468776220456 0.042000001994892955 0.07621247065253556
0 0.7220000342931598 0.7182447991799563 0.11200000531971455 0.06928406422957778
0 0.8280000393278897 0.5588914514519274 0.10800000512972474 0.14780600368976593
0 0.8370000397553667 0.6616628133924678 0.04600000218488276 0.13163972203619778
0 0.8680000412277877 0.6893764390842989 0.06000000284984708 0.20092378626577556
0 0.9420000447425991 0.7032332519302145 0.06800000322982669 0.14087759726680815
0 0.9730000462150201 0.7886835978133604 0.05400000256486237 0.11316397157497704
0 0.4440000210888684 0.5080831376835704 0.08800000417977571 0.07852193946018815
0 0.5080000241287053 0.5069284032797441 0.06000000284984708 0.07621247065253556
0 0.5730000272160396 0.5357967633754015 0.12600000598467886 0.06928406422957778
0 0.749000035575591 0.7702078473521397 0.10600000503472984 0.06697459542192519
0 0.8060000382829458 0.8140877546975389 0.10000000474974513 0.09006928349845111
