0 0.0317195316310972 0.06063829595223069 0.04006677679717541 0.09999999683350325
0 0.2654423962812871 0.031914892606437206 0.046744572930037975 0.05531914718449116
0 0.2228714459342882 0.1244680811651051 0.0517529200296849 0.07446808274835348
0 0.09181969682686031 0.18085105810314417 0.0634390632621944 0.08936169929802418
0 0.05843071616254747 0.28404254419729114 0.07679465552791953 0.06595744471997023
0 0.0358931542141363 0.24255318380892277 0.038397327763959765 0.0936170183122158
0 0.18030049558728933 0.3053191392682493 0.04006677679717541 0.07021276373416185
0 0.022537561948411167 0.5042553031817079 0.04173622583039105 0.059574466198682785
0 0.07429048197809607 0.6212765760719776 0.04173622583039105 0.0936170183122158
0 0.35642736859153956 0.730851040687412 0.05843071616254747 0.06595744471997023
0 0.550083456444554 0.6244680653326213 0.08180300262756646 0.04468084964901209
0 0.7378964726813138 0.5223404089920223 0.07345575746148825 0.07872340176254511
0 0.7387311971979216 0.7787233795970678 0.08514190069399774 0.08085106126964092
0 0.7704507288290188 0.8478723135776818 0.10851418715901673 0.05744680669158697
0 0.531719517079182 0.8574467813596129 0.07512520649470389 0.059574466198682785
0 0.4574290351010859 0.9074467797763646 0.05676126712933183 0.08723403979092836
0 0.6135225197067484 0.9659574162214994 0.0517529200296849 0.042553190141916275
0 0.7387311971979216 0.9797872030176222 0.05843071616254747 0.04042553063482046
0 0.5208680983632803 0.9765957137569785 0.0634390632621944 0.03404255211353302
0 0.18030049558728933 0.9776595435105264 0.05676126712933183 0.04042553063482046
0 0.9357261831173673 0.8382978457957506 0.12186977942474186 0.0936170183122158
