0 0.13729507819516584 0.14562289213063195 0.176229503354989 0.170033665955998
0 0.8838797571370378 0.1430976396659389 0.13114753738045692 0.25252524646930397
0 0.29371583892498165 0.2222222168929875 0.11475409520789981 0.1212121183052659
0 0.34016392508056015 0.14057238720124587 0.1092896144837141 0.12962962652090937
0 0.47540982300415635 0.28451177768874913 0.07923497050069273 0.18855218403041363
0 0.34562840580474585 0.31228955480037257 0.13934425846673548 0.11279461008962244
0 0.5170764885260724 0.12962962652090937 0.09699453285429627 0.18518518074415624
0 0.43374315748224035 0.09006733790738508 0.09153005213011056 0.12962962652090937
0 0.5375682912417687 0.05639730504481122 0.10792349430266768 0.10606060351710767
0 0.6209016222856008 0.14898989541688934 0.083333331043832 0.15993265609722584
0 0.7418032583082095 0.11952861666213721 0.13387977774254978 0.13131312816403806
0 0.704918013419956 0.04629629518603906 0.10655737412162125 0.08585858379956335
0 0.7643442412954755 0.3274410695885308 0.18442622444126755 0.10942760680336505
0 0.7807376834680326 0.4696969584329054 0.16530054190661758 0.17845117417164147
0 0.5054644669871777 0.5395622766227461 0.22677595005370677 0.12626262323465198
0 0.30806010082596913 0.4175084074959159 0.2445355124073103 0.0976430953014642
0 0.33469944435637444 0.4427609321428463 0.07923497050069273 0.20538720046170056
0 0.27732239675242454 0.5412457782658748 0.13934425846673548 0.18686868238728493
0 0.08401639113435522 0.5925925783813 0.11065573466476053 0.2861952793318778
0 0.09426229249220341 0.6018518374185078 0.18306010426022112 0.10942760680336505
0 0.11612021538894624 0.7230639557237737 0.15846994100138545 0.170033665955998
0 0.06420764850918204 0.8249158051330596 0.12568305665627122 0.10437710187397897
0 0.17418032308341935 0.8787878577131778 0.10519125394057482 0.21212120703421533
0 0.2855191178387031 0.8114477919880301 0.13661201810464263 0.20875420374795794
0 0.4200819556717761 0.682659916288685 0.12158469611313194 0.1734006692422554
0 0.5273223898839206 0.8291245592408814 0.08469945122487843 0.30134679412003607
0 0.48155736381886527 0.8249158051330596 0.20355190697591752 0.10437710187397897
0 0.7076502537820488 0.7196969524375163 0.0983606530353427 0.25757575139869004
0 0.9221311222063377 0.7836700148764066 0.06557376869022846 0.23400672839488834
0 0.8886611777707003 0.7912457722704858 0.2226775895105675 0.13804713473655283
0 0.7875682843732648 0.85016832977999 0.13797813828568906 0.1212121183052659
0 0.7663934215670452 0.954545431653969 0.22131146932952106 0.09090908872894943
0 0.6263661030097865 0.8930976216797717 0.0724043695954606 0.21380470867734402
0 0.8654371346929111 0.9090908872894943 0.06693988887127489 0.18181817745789886
