0 0.4278728796634823 0.10284464014694095 0.12713936995714903 0.09190372098237276
0 0.694376558996737 0.07439825031906366 0.13202934572473168 0.09190372098237276
0 0.6466992952628061 0.1356673976406455 0.0806846001651138 0.07002188265323639
0 0.7249389075441286 0.18490153388120234 0.11002445477060974 0.09846827248111367
0 0.4657701918622479 0.17286652280017734 0.1246943820733577 0.05251641198992729
0 0.6185819345992059 0.19256017729640007 0.10757946688681841 0.07877461798489094
0 0.6246944043086842 0.2702407033648342 0.09535452746786177 0.09846827248111367
0 0.20782397012226284 0.283369806362316 0.11735941842198372 0.08971553714945912
0 0.8386308441404253 0.28555799019522965 0.0977995153516531 0.11597374314442277
0 0.9205379382474348 0.29649890935979784 0.07579462439753115 0.11597374314442277
0 0.7738386652199551 0.41466083633713424 0.09046455170027912 0.11597374314442277
0 0.4242053978377953 0.3468271375168115 0.09046455170027912 0.11597374314442277
0 0.4926650585839525 0.30962801235727966 0.08557457593269646 0.050328228157013655
0 0.541564816259779 0.3468271375168115 0.09535452746786177 0.06783369882032275
0 0.5317848647246137 0.4234135716687888 0.09535452746786177 0.06345733115449548
0 0.46699268580414355 0.46717724832706153 0.10268949111923575 0.06783369882032275
0 0.36552568862680346 0.4070021929219365 0.10513447900302708 0.09190372098237276
0 0.22371639136690646 0.4113785605877638 0.08557457593269646 0.09190372098237276
0 0.18337409128434956 0.5590809693094343 0.10268949111923575 0.08533916948363185
0 0.3337408461375162 0.6192560247145593 0.11980440630577505 0.09190372098237276
0 0.3508557613240555 0.5120350169017911 0.10024450323544443 0.09190372098237276
0 0.4621027100365609 0.578774623805657 0.10268949111923575 0.08096280181780457
0 0.6039120072964579 0.4715536159928888 0.0977995153516531 0.12035011081025004
0 0.687041595345363 0.42013129591941833 0.06356968497857451 0.07877461798489094
0 0.6955990529386327 0.4989059139043093 0.0806846001651138 0.10065645631402731
0 0.5623472132720053 0.6542669660411775 0.10268949111923575 0.20131291262805462
0 0.7273838954279199 0.6225383004639298 0.11980440630577505 0.0940919048152864
0 0.8924205775838345 0.5853391753043979 0.13202934572473168 0.10284464014694095
0 0.7493887863820419 0.7078774699475616 0.1246943820733577 0.1115973754785955
0 0.8044010137673467 0.7396061355248094 0.11246944265440106 0.10940919164568186
0 0.44621028879191726 0.7844639040995389 0.1246943820733577 0.06783369882032275
