0 0.0317195316310972 0.05863539583515376 0.04006677679717541 0.10021322197280824
0 0.2654423962812871 0.02985074697062373 0.046744572930037975 0.055437101516872644
0 0.2228714459342882 0.12260128220077604 0.0517529200296849 0.07462686742655933
0 0.09181969682686031 0.1791044818237424 0.0634390632621944 0.0895522409118712
0 0.05843071616254747 0.28251599811483175 0.07679465552791953 0.06609808257780969
0 0.0358931542141363 0.24093817197717726 0.038397327763959765 0.09381663333624601
0 0.18030049558728933 0.30383796023670584 0.04006677679717541 0.07036247500218451
0 0.022537561948411167 0.5031983060762286 0.04173622583039105 0.05970149394124746
0 0.07429048197809607 0.6204690977465361 0.04173622583039105 0.09381663333624601
0 0.35642736859153956 0.7302772026741877 0.05843071616254747 0.06609808257780969
0 0.550083456444554 0.6236673920648172 0.08180300262756646 0.0447761204559356
0 0.7378964726813138 0.5213219738798216 0.07345575746148825 0.07889125985093415
0 0.7387311971979216 0.7782516174484044 0.08514190069399774 0.08102345606312156
0 0.7704507288290188 0.8475479943444952 0.10851418715901673 0.057569297729060054
0 0.531719517079182 0.8571428772993386 0.07512520649470389 0.05970149394124746
0 0.4574290351010859 0.9072494882857427 0.05676126712933183 0.08742004469968379
0 0.6135225197067484 0.9658848841208965 0.0517529200296849 0.04264392424374819
0 0.7387311971979216 0.9797441595001146 0.05843071616254747 0.04051172803156078
0 0.5208680983632803 0.9765458651818335 0.0634390632621944 0.03411513939499855
0 0.18030049558728933 0.9776119632879272 0.05676126712933183 0.04051172803156078
0 0.9357261831173673 0.8379531113896519 0.12186977942474186 0.09381663333624601
