0 0.022817461634986103 0.08035714749712497 0.04166666907258332 0.08134921104647219
0 0.06547619425691664 0.08829365589190274 0.06746032135561109 0.04166666907258332
0 0.1726190575864166 0.023809525184333324 0.08333333814516664 0.03571428777649999
0 0.21626985375769436 0.06746032135561109 0.04761905036866665 0.0634920671582222
0 0.2668650947744027 0.02678571583237499 0.08531746524386108 0.029761906480416656
0 0.3323412890313193 0.027777779381722212 0.06547619425691664 0.04365079617127776
0 0.44345240655820817 0.02083333453629166 0.08134921104647219 0.03373016067780554
0 0.3541666871169582 0.0545634952140972 0.07341270265169442 0.029761906480416656
0 0.28869049286004156 0.09623016428668052 0.04960317746736109 0.06944444845430553
0 0.22321429860312492 0.1091269904281944 0.10119048203341663 0.0317460335791111
0 0.12301588011905551 0.11706349882297218 0.07539682975038886 0.05952381296083331
0 0.022817461634986103 0.17063493048772216 0.04166666907258332 0.06746032135561109
0 0.0545634952140972 0.15773810434620827 0.04960317746736109 0.061507940059527755
0 0.014880953240208328 0.25099207798484713 0.025793652283027768 0.09325397363863885
0 0.05952381296083331 0.2500000144354999 0.07142857555299997 0.051587304566055536
0 0.12003968947101384 0.16964286693837494 0.03373016067780554 0.03769841487519443
0 0.13888889690861106 0.1815476295305416 0.055555558763444424 0.0773809568490833
0 0.2311508069979027 0.19345239212270826 0.06547619425691664 0.05357143166474998
0 0.6567460696678609 0.02678571583237499 0.11111111752688885 0.045634923269972205
0 0.4811508214334026 0.08234127459581941 0.05753968586213887 0.03769841487519443
0 0.41468256362713873 0.10813492687884718 0.05952381296083331 0.03769841487519443
0 0.4097222458804026 0.1448412782046944 0.09325397363863885 0.055555558763444424
0 0.4861111391801387 0.11507937172427773 0.07936508394777775 0.0317460335791111
0 0.2827381115639582 0.18253969307988882 0.045634923269972205 0.055555558763444424
0 0.33829367032740265 0.16964286693837494 0.06547619425691664 0.05753968586213887
0 0.3313492254819721 0.12500000721774995 0.0634920671582222 0.0317460335791111
0 0.6130952734965831 0.12400794366840273 0.08730159234255552 0.045634923269972205
0 0.5138889185618609 0.1458333417540416 0.08333333814516664 0.04166666907258332
0 0.4900793933775276 0.18750001082662493 0.10317460913211107 0.04166666907258332
0 0.3452381151728332 0.22123017150443047 0.07142857555299997 0.045634923269972205
0 0.2132936631096527 0.2757936667185277 0.08928571944124997 0.04365079617127776
0 0.22817461634986103 0.23908731539268047 0.07142857555299997 0.04960317746736109
0 0.11111111752688885 0.2628968405770138 0.0634920671582222 0.05753968586213887
0 0.050595241016708314 0.3769841487519443 0.04960317746736109 0.12301588011905551
0 0.08035714749712497 0.35218256001826376 0.045634923269972205 0.061507940059527755
0 0.12202381656970829 0.32936509838327765 0.05753968586213887 0.09126984653994441
0 0.8075397291686386 0.02083333453629166 0.04761905036866665 0.029761906480416656
0 0.9325397363863885 0.034722224227152765 0.07142857555299997 0.045634923269972205
0 0.809523856267333 0.061507940059527755 0.055555558763444424 0.051587304566055536
0 0.8680556056788191 0.06845238490495831 0.05753968586213887 0.06547619425691664
0 0.9494048167252913 0.08531746524386108 0.045634923269972205 0.051587304566055536
0 0.9444444989785552 0.13492064271122217 0.04365079617127776 0.05952381296083331
0 0.9087302112020552 0.14384921465534717 0.051587304566055536 0.06547619425691664
0 0.8571429066359997 0.13095238851383328 0.04365079617127776 0.055555558763444424
0 0.8144841740140691 0.10119048203341663 0.06547619425691664 0.055555558763444424
0 0.7668651236454025 0.12599207076709718 0.06944444845430553 0.06944444845430553
0 0.7172619461780414 0.16666667629033327 0.07341270265169442 0.03571428777649999
0 0.6557540061185136 0.19345239212270826 0.06547619425691664 0.0773809568490833
0 0.7321428994182497 0.21031747246161103 0.0634920671582222 0.07539682975038886
0 0.8621032243827358 0.22916667989920825 0.06547619425691664 0.08928571944124997
0 0.9533730709226802 0.30158731900155544 0.04166666907258332 0.08333333814516664
0 0.7162698826286942 0.2807539844652638 0.055555558763444424 0.04960317746736109
0 0.7817460768856108 0.27976192091591656 0.055555558763444424 0.06746032135561109
0 0.8402778262970969 0.30555557319894433 0.04166666907258332 0.039682541973888874
0 0.845238144043833 0.38392859359737486 0.039682541973888874 0.07341270265169442
0 0.8849206860177219 0.3769841487519443 0.051587304566055536 0.08730159234255552
0 0.9484127531759441 0.37500002165324986 0.039682541973888874 0.055555558763444424
0 0.9662698970641941 0.44742066075559705 0.0634920671582222 0.09325397363863885
0 0.9196429102448747 0.46130955044645816 0.045634923269972205 0.08134921104647219
0 0.9285714821889997 0.5287698718020692 0.03571428777649999 0.06547619425691664
0 0.9573413251200691 0.5853174941148609 0.05753968586213887 0.07539682975038886
0 0.8948413215111941 0.590277811861597 0.04761905036866665 0.08928571944124997
0 0.8422619533957914 0.4484127243049443 0.05357143166474998 0.08730159234255552
0 0.7023809929378331 0.34226192452479154 0.051587304566055536 0.08134921104647219
0 0.7490079797571525 0.3948412926401943 0.045634923269972205 0.0952381007373333
0 0.7708333778427914 0.47420637658797204 0.05357143166474998 0.09126984653994441
0 0.661706387414597 0.45238097850233316 0.045634923269972205 0.08730159234255552
0 0.7083333742339164 0.4682539952918887 0.039682541973888874 0.0952381007373333
0 0.42063494492322206 0.2450396966887638 0.07142857555299997 0.03373016067780554
0 0.4801587578840554 0.2599206499289721 0.08333333814516664 0.039682541973888874
0 0.563492096029222 0.2321428705472499 0.08333333814516664 0.055555558763444424
0 0.5615079689305276 0.3045635096495971 0.11904762592166662 0.04960317746736109
0 0.29265874705743045 0.3392857338767499 0.0773809568490833 0.07936508394777775
0 0.41170637297909707 0.36111113196238875 0.07341270265169442 0.04761905036866665
0 0.3730158945545554 0.35218256001826376 0.055555558763444424 0.05357143166474998
0 0.4305555804166943 0.308531763846986 0.10317460913211107 0.04960317746736109
0 0.03769841487519443 0.5000000288709998 0.04761905036866665 0.0952381007373333
0 0.12202381656970829 0.45238097850233316 0.045634923269972205 0.11904762592166662
0 0.17460318468511105 0.42857145331799984 0.05952381296083331 0.09920635493472219
0 0.08234127459581941 0.4990079653216526 0.05357143166474998 0.0773809568490833
0 0.029761906480416656 0.5833333670161664 0.04761905036866665 0.07539682975038886
0 0.0773809568490833 0.5823413034668192 0.04365079617127776 0.10119048203341663
0 0.17956350243184716 0.5386905072955415 0.061507940059527755 0.08531746524386108
0 0.34722224227152765 0.42361113557126373 0.051587304566055536 0.06547619425691664
0 0.4216270084725693 0.42361113557126373 0.061507940059527755 0.05753968586213887
0 0.48710320272948593 0.36011906841304153 0.08134921104647219 0.04166666907258332
0 0.6130952734965831 0.35218256001826376 0.06746032135561109 0.045634923269972205
0 0.5744047950720415 0.36507938615977764 0.05357143166474998 0.0634920671582222
0 0.5505952698877081 0.3908730384428054 0.045634923269972205 0.07142857555299997
0 0.5000000288709998 0.4136905000777915 0.05952381296083331 0.03373016067780554
0 0.3908730384428054 0.5039682830683887 0.05952381296083331 0.09126984653994441
0 0.2500000144354999 0.4732143130386248 0.027777779381722212 0.08134921104647219
0 0.27976192091591656 0.48710320272948593 0.03571428777649999 0.11309524462558329
0 0.3035714461002499 0.47916669433470815 0.03571428777649999 0.08134921104647219
0 0.5972222567070276 0.4950397111242637 0.09126984653994441 0.045634923269972205
0 0.5962301931576803 0.4682539952918887 0.03373016067780554 0.039682541973888874
0 0.45238097850233316 0.4722222494892776 0.05952381296083331 0.039682541973888874
0 0.4632936775451526 0.5069444737164304 0.025793652283027768 0.03373016067780554
0 0.5208333634072915 0.5238095540553331 0.05753968586213887 0.05952381296083331
0 0.49206352047622204 0.554563524085097 0.055555558763444424 0.04960317746736109
0 0.3551587506663054 0.5704365408746526 0.039682541973888874 0.061507940059527755
0 0.39781748328823596 0.5654762231279165 0.045634923269972205 0.04365079617127776
0 0.3809524029493332 0.6121032099472359 0.039682541973888874 0.03769841487519443
0 0.29365081060677767 0.5942460660589859 0.04365079617127776 0.07341270265169442
0 0.22916667989920825 0.5982143202563748 0.04960317746736109 0.08928571944124997
0 0.18353175662923604 0.6130952734965831 0.04960317746736109 0.07539682975038886
0 0.07142857555299997 0.6875000396976247 0.04761905036866665 0.11309524462558329
0 0.024801588733680546 0.7222222639247775 0.03769841487519443 0.10317460913211107
0 0.2311508069979027 0.7093254377832636 0.05357143166474998 0.09722222783602774
0 0.15178572305012494 0.7093254377832636 0.04166666907258332 0.11706349882297218
0 0.11507937172427773 0.7718254413921386 0.0952381007373333 0.051587304566055536
0 0.3095238273963332 0.6607143238652498 0.051587304566055536 0.05952381296083331
0 0.06845238490495831 0.8462302075931802 0.04960317746736109 0.08531746524386108
0 0.03769841487519443 0.8998016392579302 0.05952381296083331 0.06944444845430553
0 0.025793652283027768 0.9454365625279024 0.04761905036866665 0.06547619425691664
0 0.4315476439660415 0.7172619461780414 0.0773809568490833 0.06547619425691664
0 0.362103195511736 0.6934524209937081 0.045634923269972205 0.061507940059527755
0 0.3680555768078193 0.6507936883717775 0.061507940059527755 0.05952381296083331
0 0.4394841523608193 0.6468254341743886 0.07341270265169442 0.07142857555299997
0 0.5446428885916248 0.5873016212135553 0.08531746524386108 0.04761905036866665
0 0.6200397183420137 0.5674603502266109 0.045634923269972205 0.055555558763444424
0 0.6865079761482775 0.5744047950720415 0.06746032135561109 0.04960317746736109
0 0.8224206824088469 0.5625000324798748 0.045634923269972205 0.13293651561252773
0 0.7490079797571525 0.5853174941148609 0.03373016067780554 0.0952381007373333
0 0.7638889329973608 0.6408730528783053 0.0317460335791111 0.11111111752688885
0 0.8392857627477497 0.6716270229080692 0.04365079617127776 0.06944444845430553
0 0.934523863485083 0.7202381368260831 0.055555558763444424 0.07936508394777775
0 0.5436508250422776 0.7619048058986664 0.0952381007373333 0.04761905036866665
0 0.5148809821112081 0.6646825780626386 0.061507940059527755 0.04761905036866665
0 0.5644841595785692 0.7053571835858747 0.08928571944124997 0.03769841487519443
0 0.6686508322600275 0.7103175013326108 0.08730159234255552 0.04365079617127776
0 0.581349239917472 0.6686508322600275 0.05952381296083331 0.03571428777649999
0 0.6398809893289581 0.6537698790198192 0.05753968586213887 0.08134921104647219
0 0.7123016284313053 0.7361111536156386 0.0634920671582222 0.0317460335791111
0 0.7440476620104164 0.7450397255597636 0.0634920671582222 0.04960317746736109
0 0.7728175049414858 0.7787698862375692 0.06547619425691664 0.08134921104647219
0 0.8511905253399163 0.7678571871947497 0.08730159234255552 0.08333333814516664
0 0.14384921465534717 0.8640873514814302 0.07341270265169442 0.05357143166474998
0 0.17063493048772216 0.8253968730568886 0.055555558763444424 0.051587304566055536
0 0.2311508069979027 0.8918651308631524 0.0773809568490833 0.061507940059527755
0 0.14781746885273606 0.9563492615707219 0.05753968586213887 0.08333333814516664
0 0.2807539844652638 0.9623016428668052 0.06944444845430553 0.0634920671582222
0 0.21031747246161103 0.9533730709226802 0.07936508394777775 0.04960317746736109
0 0.3005952554522082 0.8640873514814302 0.08134921104647219 0.08134921104647219
0 0.40079367393627763 0.8581349701853469 0.07936508394777775 0.045634923269972205
0 0.40178573748562485 0.8938492579618469 0.06944444845430553 0.045634923269972205
0 0.36011906841304153 0.9246032279916108 0.061507940059527755 0.04761905036866665
0 0.4444444701075554 0.9464286260772496 0.07142857555299997 0.04761905036866665
0 0.5168651092099026 0.9107143383007497 0.06944444845430553 0.051587304566055536
0 0.5873016212135553 0.9355159270344302 0.07936508394777775 0.045634923269972205
0 0.634920671582222 0.863095287932083 0.09920635493472219 0.07142857555299997
0 0.6398809893289581 0.8045635385205969 0.08134921104647219 0.04960317746736109
0 0.6805555948521942 0.8164683011127636 0.039682541973888874 0.045634923269972205
0 0.7440476620104164 0.8670635421294719 0.07539682975038886 0.07936508394777775
0 0.8482143346918747 0.8799603682709858 0.0773809568490833 0.05357143166474998
0 0.7678571871947497 0.9355159270344302 0.07936508394777775 0.08531746524386108
0 0.9037698934553191 0.9355159270344302 0.09722222783602774 0.04166666907258332
0 0.8392857627477497 0.9593254522187635 0.09126984653994441 0.05357143166474998
0 0.9662698970641941 0.8948413215111941 0.04761905036866665 0.08730159234255552
0 0.9573413251200691 0.8660714785801247 0.06547619425691664 0.0773809568490833
0 0.9682540241628885 0.9771825961070135 0.0634920671582222 0.04166666907258332
0 0.41567462717648596 0.9811508503044024 0.08928571944124997 0.03769841487519443
0 0.21130953601095825 0.9821429138537496 0.061507940059527755 0.03571428777649999
0 0.4047619281336665 0.7976190936751664 0.06746032135561109 0.051587304566055536
0 0.4543651056010276 0.7886905217310414 0.06746032135561109 0.05357143166474998
0 0.30654763674829155 0.782738140434958 0.05753968586213887 0.05753968586213887
0 0.3224206535378471 0.7539682975038886 0.07341270265169442 0.05952381296083331
0 0.20039683696813881 0.7251984545728192 0.03571428777649999 0.1091269904281944
0 0.9801587867550552 0.7053571835858747 0.039682541973888874 0.0773809568490833
0 0.26091271347831935 0.3005952554522082 0.09325397363863885 0.07341270265169442
