0 0.26000001234933734 0.14900000707712024 0.20000000949949026 0.10600000503472984
0 0.17300000821705908 0.2340000111144036 0.19400000921450555 0.09600000455975533
0 0.11200000531971455 0.3330000158166513 0.11200000531971455 0.11800000560469925
0 0.2300000109244138 0.288000013679266 0.12800000607967377 0.11200000531971455
0 0.25200001196935773 0.34000001614913344 0.13600000645965338 0.11600000550970435
0 0.16600000788457692 0.4040000191889703 0.20400000968948007 0.0720000034198165
0 0.2400000113993883 0.43600002070888877 0.18000000854954123 0.16400000778958201
0 0.277000013156794 0.5320000252686441 0.10600000503472984 0.19600000930950046
0 0.3880000184290111 0.5970000283559784 0.12800000607967377 0.21800001035444438
0 0.3180000151041895 0.7730000367155299 0.16400000778958201 0.12600000598467886
0 0.4230000200914219 0.7330000348156318 0.19800000940449536 0.11800000560469925
0 0.42200002004392445 0.3240000153891742 0.0760000036098063 0.2320000110194087
0 0.4460000211838633 0.5490000260761008 0.06800000322982669 0.2340000111144036
0 0.4870000231312588 0.47300002246629447 0.08600000408478081 0.25800001225434244
0 0.49600002355873585 0.3310000157216564 0.10400000493973494 0.21800001035444438
0 0.4700000223238021 0.13500000641215593 0.13200000626966357 0.18200000864453614
0 0.5370000255061314 0.09600000455975533 0.12600000598467886 0.1560000074096024
0 0.6240000296384096 0.14300000679213554 0.13600000645965338 0.2300000109244138
0 0.7100000337231904 0.1520000072196126 0.14000000664964318 0.18800000892952085
0 0.709000033675693 0.2750000130617991 0.11400000541470945 0.21800001035444438
0 0.800000037997961 0.27800001320429146 0.17600000835955143 0.10400000493973494
0 0.7200000341981649 0.4460000211838633 0.16800000797957182 0.24400001158937812
0 0.5970000283559784 0.4640000220388174 0.11800000560469925 0.3640000172890723
0 0.8370000397553667 0.3920000186190009 0.13400000636465847 0.24400001158937812
0 0.904000042937696 0.3980000189039856 0.11600000550970435 0.1600000075995922
0 0.873000041465275 0.5180000246036798 0.16600000788457692 0.18000000854954123
0 0.8300000394228846 0.7100000337231904 0.1520000072196126 0.25200001196935773
0 0.6410000304458663 0.7630000362405553 0.18600000883452594 0.25800001225434244
