0 0.041666668839752674 0.11666667275130749 0.03750000195577741 0.09166667144745588
0 0.10416667209938169 0.09687500505242497 0.058333336375653744 0.047916669165715575
0 0.05937500309664756 0.15208334126509726 0.05208333604969084 0.08333333767950535
0 0.18020834273193032 0.10104167193640023 0.10625000554136932 0.05208333604969084
0 0.15937500831205398 0.1552083414280787 0.10625000554136932 0.05208333604969084
0 0.014583334093913436 0.2406250125495717 0.029166668187826872 0.04375000228174031
0 0.05729166965465993 0.28645834827329963 0.06041666981764138 0.08958333800546825
0 0.010416667209938169 0.3270833503920585 0.020833334419876337 0.041666668839752674
0 0.2166666779667139 0.19375001010484993 0.07500000391155481 0.10416667209938169
0 0.09583333833143115 0.22083334485068917 0.041666668839752674 0.10000000521540642
0 0.12500000651925802 0.20833334419876337 0.03333333507180214 0.04583333572372794
0 0.3843750200467184 0.11562500603031367 0.1354166737291962 0.03541666851378977
0 0.3385416843229905 0.09583333833143115 0.08541667112149298 0.03750000195577741
0 0.3416666844859719 0.1541666747070849 0.10000000521540642 0.054166669491678476
0 0.5854166971985251 0.08958333800546825 0.11666667275130749 0.029166668187826872
0 0.5083333598449826 0.1239583397982642 0.10833333898335695 0.03958333539776504
0 0.6229166991543025 0.13333334028720856 0.13750000717118382 0.04583333572372794
0 0.7875000410713255 0.1489583411021158 0.13750000717118382 0.03958333539776504
0 0.8156250425381586 0.12083333963528275 0.03541666851378977 0.041666668839752674
0 0.8760417123558 0.15104167454410344 0.06041666981764138 0.03541666851378977
0 0.9791667177341878 0.0927083381684497 0.03750000195577741 0.03541666851378977
0 0.95520838315133 0.19583334354683757 0.08541667112149298 0.041666668839752674
0 0.31875001662410796 0.19375001010484993 0.054166669491678476 0.03750000195577741
0 0.31250001629814506 0.22708334517665207 0.10000000521540642 0.06666667014360428
0 0.25104167975950986 0.295833348762244 0.05208333604969084 0.07500000391155481
0 0.2916666818782687 0.29479168204125017 0.04583333572372794 0.09375000488944352
0 0.46145835740026087 0.19895834370981902 0.147916674381122 0.03541666851378977
0 0.5812500303145498 0.17083334224298596 0.08333333767950535 0.054166669491678476
0 0.5354166945908219 0.2708333474583924 0.1416666740551591 0.04583333572372794
0 0.40937502135057 0.23125001206062734 0.10625000554136932 0.05000000260770321
0 0.36666668578982353 0.29270834859926254 0.05000000260770321 0.12291667307727039
0 0.2156250112457201 0.36145835218485445 0.047916669165715575 0.07708333735354245
0 0.073958337190561 0.420833355281502 0.05625000293366611 0.08750000456348062
0 0.11250000586733222 0.4395833562593907 0.04583333572372794 0.07916667079553008
0 0.20520834403578192 0.4125000215135515 0.03958333539776504 0.06666667014360428
0 0.24375001271255314 0.3520833516959101 0.05000000260770321 0.06250000325962901
0 0.30000001564621925 0.3770833529997617 0.07083333702757955 0.03750000195577741
0 0.346875018090941 0.37291668611578643 0.03541666851378977 0.09583333833143115
0 0.4156250216765329 0.3947916872566566 0.07291667046956718 0.05625000293366611
0 0.5395833614747971 0.3218750167870894 0.03750000195577741 0.08125000423751771
0 0.5375000280328095 0.33020835055503994 0.1416666740551591 0.03541666851378977
0 0.693750036181882 0.2041666773147881 0.04583333572372794 0.07083333702757955
0 0.6812500355299562 0.26145834696944803 0.07500000391155481 0.06875000358559191
0 0.728125037974678 0.18750000977888703 0.08125000423751771 0.06666667014360428
0 0.8197917094221339 0.22500001173466444 0.07708333735354245 0.054166669491678476
0 0.9093750474276021 0.23020834533963352 0.07708333735354245 0.04375000228174031
0 0.8114583756541833 0.1729166756849736 0.09375000488944352 0.041666668839752674
0 0.08958333800546825 0.5625000293366611 0.09166667144745588 0.09166667144745588
0 0.6968750363448635 0.3718750193947926 0.07708333735354245 0.09375000488944352
0 0.7614583730464801 0.45416669035330415 0.05625000293366611 0.08333333767950535
0 0.8770833790767938 0.3447916846489534 0.07500000391155481 0.05208333604969084
0 0.7802083740243688 0.3104166828561574 0.10625000554136932 0.07083333702757955
0 0.8031250418862328 0.26145834696944803 0.09375000488944352 0.05208333604969084
0 0.8281250431900844 0.28854168171528727 0.047916669165715575 0.03541666851378977
0 0.887500046286732 0.27291668090038 0.09583333833143115 0.04583333572372794
0 0.9145833810325712 0.28750001499429345 0.041666668839752674 0.06666667014360428
0 0.9687500505242497 0.25625001336447895 0.058333336375653744 0.03750000195577741
0 0.9718750506872311 0.2916666818782687 0.05208333604969084 0.041666668839752674
0 0.9687500505242497 0.33645835088100284 0.054166669491678476 0.03541666851378977
0 0.9718750506872311 0.3718750193947926 0.05208333604969084 0.047916669165715575
0 0.9395833823364228 0.44687502330634743 0.06666667014360428 0.08958333800546825
0 0.8385417104000226 0.47812502493616194 0.06458333670161664 0.10208333865739405
0 0.9031250471016392 0.4510416901903227 0.05208333604969084 0.05625000293366611
0 0.9343750487314537 0.5052083596820012 0.08541667112149298 0.08125000423751771
0 0.5447916950797662 0.3895833536516875 0.06458333670161664 0.07083333702757955
0 0.608333365060389 0.39166668709367514 0.054166669491678476 0.058333336375653744
0 0.6125000319443643 0.42916668904945254 0.09166667144745588 0.06250000325962901
0 0.5333333611488342 0.4583333572372794 0.04583333572372794 0.054166669491678476
0 0.5520833621267229 0.4875000254251063 0.03750000195577741 0.10000000521540642
0 0.6531250340631232 0.48437502526212484 0.06041666981764138 0.03958333539776504
0 0.6916667027398944 0.494791692472063 0.08333333767950535 0.04375000228174031
0 0.7375000384636223 0.5812500303145498 0.08333333767950535 0.07083333702757955
0 0.7010417032288387 0.6364583665272221 0.05625000293366611 0.06875000358559191
0 0.5843750304775313 0.5895833640825003 0.11875000619329512 0.08333333767950535
0 0.46770835772622377 0.48020835837814957 0.08541667112149298 0.047916669165715575
0 0.4125000215135515 0.44791669002734125 0.07083333702757955 0.07083333702757955
0 0.2166666779667139 0.49166669230908155 0.04583333572372794 0.07500000391155481
0 0.012500000651925802 0.46666669100522995 0.025000001303851604 0.07083333702757955
0 0.015625000814907253 0.6489583671791479 0.031250001629814506 0.08958333800546825
0 0.8937500466126949 0.7041667033918202 0.1291666734032333 0.05000000260770321
0 0.3031250158092007 0.5031250262400135 0.06041666981764138 0.11875000619329512
0 0.1791666760109365 0.7656250399304554 0.06250000325962901 0.08125000423751771
0 0.20729167747776955 0.5750000299885869 0.04375000228174031 0.07916667079553008
0 0.2468750128755346 0.60312503145542 0.031250001629814506 0.07708333735354245
0 0.4583333572372794 0.5333333611488342 0.03750000195577741 0.09166667144745588
0 0.5854166971985251 0.670833368320018 0.09166667144745588 0.06666667014360428
0 0.6593750343890861 0.7041667033918202 0.05208333604969084 0.058333336375653744
0 0.7302083714166656 0.7250000378116965 0.13958334061317146 0.03750000195577741
0 0.8635417117038742 0.654166700784117 0.17708334256894886 0.041666668839752674
0 0.8489583776099607 0.6260416993172839 0.10208333865739405 0.03541666851378977
0 0.7895833745133132 0.6114583652233705 0.054166669491678476 0.03541666851378977
0 0.8093750422121957 0.5760416967095807 0.06875000358559191 0.03958333539776504
0 0.8364583769580349 0.5468750285217538 0.05208333604969084 0.02291666786186397
0 0.8572917113779113 0.5906250308034942 0.06041666981764138 0.027083334745839238
0 0.7854167076293379 0.6906250360189006 0.06250000325962901 0.031250001629814506
0 0.9718750506872311 0.7947917081182823 0.04375000228174031 0.06041666981764138
0 0.9750000508502126 0.8593750448198989 0.04583333572372794 0.047916669165715575
0 0.5135416934499517 0.7468750389525667 0.08958333800546825 0.03541666851378977
0 0.5645833627786487 0.8093750422121957 0.12083333963528275 0.03958333539776504
0 0.2833333481103182 0.7072917035548016 0.041666668839752674 0.12708333996124566
0 0.39895835414063185 0.6447917002951726 0.09375000488944352 0.06041666981764138
0 0.13333334028720856 0.6531250340631232 0.054166669491678476 0.08958333800546825
0 0.22500001173466444 0.6604167011100799 0.07500000391155481 0.054166669491678476
0 0.21354167780373245 0.6979167030658573 0.06041666981764138 0.029166668187826872
0 0.09062500472646207 0.8447917107259855 0.06041666981764138 0.06875000358559191
0 0.15833334159106016 0.8312500433530658 0.05000000260770321 0.058333336375653744
0 0.7385417051846161 0.8708333787508309 0.14375000749714673 0.04583333572372794
0 0.6104166985023767 0.8791667125187814 0.11250000586733222 0.03333333507180214
0 0.3385416843229905 0.887500046286732 0.08125000423751771 0.029166668187826872
0 0.06666667014360428 0.677083368645981 0.04583333572372794 0.08750000456348062
0 0.3593750187428668 0.6645833679940552 0.05625000293366611 0.03333333507180214
0 0.38125001988373697 0.7937500413972884 0.09583333833143115 0.08333333767950535
0 0.6218750324333087 0.7666667066514492 0.06458333670161664 0.041666668839752674
0 0.6510417006211355 0.7520833725575358 0.047916669165715575 0.05000000260770321
0 0.46562502428423613 0.6666667014360428 0.047916669165715575 0.07916667079553008
0 0.45937502395827323 0.6052083648974076 0.06875000358559191 0.047916669165715575
0 0.2718750141793862 0.5052083596820012 0.06041666981764138 0.08541667112149298
0 0.4333333559334278 0.7229167043697089 0.1416666740551591 0.03750000195577741
0 0.3510416849749163 0.49166669230908155 0.03541666851378977 0.04583333572372794
0 0.38645835348870605 0.5031250262400135 0.06041666981764138 0.05208333604969084
