0 0.22248242632485926 0.3718220345908776 0.2060889843851328 0.09957627137191594
0 0.193208422861062 0.46716101781930774 0.13817329634912312 0.06991525436751544
0 0.28688523394521326 0.5815677976934239 0.2833723535295576 0.10381355951540172
0 0.23770490812603384 0.7330508488230407 0.14285713690333068 0.17796610202640295
0 0.35011708142701536 0.786016950616613 0.10538641246967018 0.1610169494524598
0 0.4121779687702656 0.7086864419979975 0.1405152166262269 0.18432203424163163
0 0.5948477503843606 0.15254237316548824 0.1030444921925664 0.0550847458653152
0 0.9215456290403381 0.38665254309307784 0.09601873136125505 0.137711864663288
0 0.6206088734325022 0.5995762723032385 0.1030444921925664 0.12711864430457354
0 0.7669788907514885 0.5137711873976514 0.17096018022857606 0.20974576310254633
0 0.7107728041009977 0.7012711877468973 0.2318501074332744 0.11440677987411618
0 0.9414519513957202 0.6324152554152533 0.09836065163835883 0.23093220381997526
0 0.6709601593902335 0.7923728828318417 0.22248242632485926 0.10169491544365883
0 0.6967212824383751 0.854872882948257 0.20843090466223657 0.06567796622402966
0 0.6674472789745778 0.904661018634215 0.23419202771037817 0.07627118658274412
0 0.5878219895530492 0.363347458303906 0.13114753551781178 0.12500000023283064
0 0.6932084020227194 0.32309322094079107 0.060889927204698324 0.04449152550660074
