0 0.333333320915699 0.2119675405556336 0.15447153896093369 0.22515212441794574
0 0.467479657381773 0.1683569939341396 0.14227641746401787 0.2961460375227034
0 0.598577213473618 0.16734279517550021 0.11178861372172832 0.30628802510909736
0 0.731707289814949 0.20486814924515784 0.13008129596710205 0.15415821131318808
0 0.8628048459067941 0.30933062138501555 0.1605690997093916 0.1480730187613517
0 0.8465446839109063 0.4685598264914006 0.2947154361754656 0.0851926957257092
0 0.8353658225387335 0.5963488700799644 0.31707315891981125 0.12170385103672743
0 0.798780458047986 0.7322515037376434 0.21138210594654083 0.18661257158964872
0 0.6849593240767717 0.8265719882911071 0.15853657945990562 0.23732250952161849
0 0.5599593287333846 0.8458417647052556 0.12804877571761608 0.2799188573844731
0 0.4278455125167966 0.8529411560157314 0.12804877571761608 0.2332657144870609
0 0.2926829159259796 0.8194725969806314 0.17886178195476532 0.16227180138230324
0 0.20426828507333994 0.7068965347716585 0.2947154361754656 0.1075050684157759
0 0.17073170095682144 0.5425963358720765 0.333333320915699 0.09939147834666073
0 0.1798780420795083 0.39553751586936414 0.2947154361754656 0.14604462124407291
0 0.20325202494859695 0.26470587600488216 0.17479674145579338 0.1480730187613517
