0 0.43333332566544414 0.29794933984521776 0.06481481366790831 0.03498190629761666
0 0.31203703151550144 0.367611584282713 0.06296296184882522 0.048854041553568095
0 0.10231481300434098 0.39234017321723513 0.052777776843868196 0.03317249735118821
0 0.2601851805811748 0.3651990390208084 0.05370370275340974 0.030759952089283615
0 0.14166666415985674 0.428226783988066 0.029629629105329514 0.04583835997618735
0 0.16388888598885387 0.41706876215175726 0.0333333327434957 0.050060314184520394
0 0.31342592037981376 0.4641133947588969 0.04907407320570201 0.048854041553568095
0 0.347685179032851 0.448431850556517 0.05462962866295129 0.030759952089283615
0 0.4935185097856447 0.34921592666069046 0.05555555457249284 0.039806996821425855
0 0.5703703602775931 0.38841978716664016 0.05555555457249284 0.03377563366666436
0 0.6856481360155158 0.40651387663092464 0.04907407320570201 0.041013269452378154
0 0.6717592473723926 0.43516285161604173 0.04907407320570201 0.02714113419642672
0 0.8217592447181232 0.43275030635413714 0.08055555413011461 0.029553679458331317
0 0.7995370228891261 0.39354644584818743 0.07685185049194843 0.05126658681547269
0 0.4055555483791977 0.38148371953866445 0.05740740639157593 0.02714113419642672
0 0.4217592517961748 0.4188781710981857 0.04537036956753582 0.028347406827379018
0 0.4902777691022493 0.4249095342529472 0.04907407320570201 0.01869722577976063
0 0.5013888800167479 0.45386007739580236 0.039814814110286534 0.03558504261309281
0 0.5643518418655731 0.41465621688985266 0.06759259139653295 0.022316043672617525
0 0.7388888758141547 0.47436671212199144 0.06111111002974212 0.03558504261309281
0 0.6472222107695416 0.46592280370532535 0.04814814729616046 0.029553679458331317
0 0.6342592480359599 0.4915560971130617 0.04074074001982808 0.03256936103571206
0 0.7060185060254298 0.5117611636815127 0.04722222138661891 0.028347406827379018
0 0.6587962846388109 0.5259348670952022 0.04351851774845272 0.020506634726189077
0 0.6768518398748711 0.5428226839285344 0.02777777728624642 0.024125452619045973
0 0.64629628486 0.549155615241034 0.049999999115243554 0.029553679458331317
0 0.6837962841964327 0.5678528410207946 0.04537036956753582 0.02593486156547442
0 0.7023148023872636 0.5871532031160314 0.05833333230111748 0.02593486156547442
0 0.2828703653649427 0.5274427078838926 0.0861111095873639 0.024728588934522122
0 0.1703703673556447 0.5606152052350808 0.09074073913507164 0.031966224720235914
0 0.10879629437113181 0.5597105007618666 0.04166666592936963 0.04463208734523505
0 0.11805555346654728 0.5919782936398406 0.04166666592936963 0.029553679458331317
0 0.22592592192813754 0.5808202718035318 0.0666666654869914 0.03618817892856896
0 0.2902777726412751 0.5530760012916289 0.04722222138661891 0.021712907357141376
0 0.32731480902293697 0.5443305247172248 0.04166666592936963 0.022316043672617525
0 0.3509259197162464 0.5518697286606766 0.04074074001982808 0.04704463260713965
0 0.41759258520323783 0.5238238899910357 0.04074074001982808 0.05247285944642499
0 0.46805554727325216 0.5096501865773462 0.04722222138661891 0.021712907357141376
0 0.5356481386697851 0.5123642999969888 0.04907407320570201 0.029553679458331317
0 0.5763888786896132 0.521109776571393 0.04722222138661891 0.039806996821425855
0 0.45277776976581663 0.5443305247172248 0.029629629105329514 0.031966224720235914
0 0.46990739909233525 0.5551869783957954 0.036111110472120345 0.030759952089283615
0 0.5023148059262894 0.5404101386666298 0.04537036956753582 0.021712907357141376
0 0.5199073982075788 0.549457183398772 0.04907407320570201 0.014475271571427584
0 0.5111111020669341 0.5717732270713896 0.02777777728624642 0.02774427051190287
0 0.5249999907100573 0.5847406578541268 0.02037037000991404 0.03317249735118821
0 0.5398148052627221 0.5768998857529368 0.025925925467163324 0.03317249735118821
0 0.5657407307298854 0.5660434320743661 0.03703703638166189 0.031966224720235914
0 0.5949073968804441 0.5850422260118648 0.03796296229120344 0.039806996821425855
0 0.28935184673173353 0.5916767254821025 0.04166666592936963 0.02653799788095057
0 0.3300925867515616 0.5989143612678163 0.032407406833954155 0.03377563366666436
0 0.36666666017845273 0.6031363154761493 0.025925925467163324 0.021712907357141376
0 0.39814814110286534 0.5968033841636498 0.0333333327434957 0.03679131524404511
0 0.4412036958965473 0.577804590226151 0.04166666592936963 0.021712907357141376
0 0.48611110250931233 0.5928829981130548 0.05925925821065903 0.024125452619045973
0 0.505092583654914 0.618214723363053 0.04722222138661891 0.022919179988093674
0 0.5537036939058453 0.6052472925803158 0.029629629105329514 0.02593486156547442
0 0.031018517969641834 0.5738842041755561 0.04351851774845272 0.05488540470832959
0 0.03935185115551576 0.6565138793957885 0.06944444321561605 0.048854041553568095
0 0.02175925887422636 0.7186369198898319 0.04166666592936963 0.031966224720235914
0 0.1546296268934384 0.6471652665059082 0.042592591838911176 0.03739445155952126
0 0.1263888866524212 0.6752111051755492 0.052777776843868196 0.03437876998214051
0 0.20324073714436963 0.6393244944047183 0.04166666592936963 0.039806996821425855
0 0.23657406988786533 0.6335946994076949 0.028703703195787966 0.0464414962916635
0 0.2569444398977794 0.6598311291309074 0.05462962866295129 0.03256936103571206
0 0.4060185113339685 0.658323288342217 0.04537036956753582 0.031966224720235914
0 0.34861110494239256 0.6848612862231676 0.04537036956753582 0.03558504261309281
0 0.31898147583706304 0.6788299230684061 0.04907407320570201 0.02714113419642672
0 0.21898147760657594 0.7412545317201875 0.04907407320570201 0.04583835997618735
0 0.2930555503698997 0.702653807529714 0.04351851774845272 0.02774427051190287
0 0.23842592170694843 0.6969240125326905 0.04537036956753582 0.03437876998214051
0 0.24861110671190545 0.7771411424910184 0.04907407320570201 0.030759952089283615
0 0.3421296235756017 0.7798552559106611 0.0509259250247851 0.03618817892856896
0 0.42777777020819485 0.7044632164761424 0.06111111002974212 0.04221954208333045
0 0.3615740676759742 0.7168275109434035 0.04722222138661891 0.021109771041665226
0 0.40509258542442694 0.7469843267172109 0.0509259250247851 0.029553679458331317
0 0.4652777695446275 0.7943305274820887 0.04166666592936963 0.039806996821425855
0 0.35555554926395416 0.7478890311904252 0.042592591838911176 0.020506634726189077
0 0.5407407311722636 0.6884801041160244 0.03888888820074499 0.03558504261309281
0 0.5694444343680516 0.6743064007023349 0.046296295477077365 0.03618817892856896
0 0.615740729845129 0.6809409001725726 0.04814814729616046 0.04583835997618735
0 0.6027777671115473 0.6372135173005518 0.05740740639157593 0.02593486156547442
0 0.7458333201357163 0.6405307670356706 0.0861111095873639 0.03498190629761666
0 0.650462951452937 0.6402291988779325 0.04537036956753582 0.029553679458331317
0 0.6763888769201003 0.6592279928154312 0.04351851774845272 0.03618817892856896
0 0.7958333192509599 0.6727985599136446 0.056481480482034385 0.047647768922615796
0 0.8740740586072206 0.6064535652112681 0.0351851845625788 0.048854041553568095
0 0.9249999836320058 0.5949939752172213 0.02777777728624642 0.0440289510297589
0 0.9689814643352292 0.581423408119008 0.04166666592936963 0.039806996821425855
0 0.9652777606970631 0.6127864965237677 0.04166666592936963 0.038600724190473557
0 0.9851851677522063 0.5992159294255544 0.029629629105329514 0.02714113419642672
0 0.6680555437342264 0.6933051946398336 0.04537036956753582 0.031966224720235914
0 0.6425925812218338 0.7264776919910219 0.0333333327434957 0.03437876998214051
0 0.689351839653682 0.7252714193600696 0.03796296229120344 0.02714113419642672
0 0.33101851266110316 0.8124246169463731 0.09722222050186247 0.028950543142855167
0 0.3675925860879943 0.8691194306011312 0.07962962822057307 0.021712907357141376
0 0.40648147428873926 0.8434861371933948 0.08333333185873926 0.050060314184520394
0 0.4763888804591261 0.8733413848094642 0.07685185049194843 0.03618817892856896
0 0.5509259161772206 0.8000603224791121 0.06296296184882522 0.05367913207737729
0 0.6199073964380659 0.7895054369582795 0.04722222138661891 0.03739445155952126
0 0.6550925810006447 0.7647768480237573 0.039814814110286534 0.03739445155952126
0 0.6972222098847851 0.7907117095892318 0.06481481366790831 0.03739445155952126
0 0.7046296171611175 0.836248501407681 0.05555555457249284 0.058504222601186484
0 0.7662036901456304 0.8088057990535162 0.06944444321561605 0.039806996821425855
0 0.9273147984058596 0.7539203943451867 0.10648147959727794 0.04342581471428275
0 0.8694444290595129 0.7792521195951849 0.09074073913507164 0.03739445155952126
0 0.8518518367782235 0.8072979582648259 0.08703703549690545 0.031966224720235914
0 0.27175925445044413 0.3214716561487876 0.052777776843868196 0.03618817892856896
0 0.17638888576766476 0.6963208762172144 0.04351851774845272 0.0416164057678543
0 0.17638888576766476 0.6734016962291207 0.036111110472120345 0.02593486156547442
0 0.4800925840972923 0.7180337835743558 0.0509259250247851 0.05126658681547269
