0 0.5355468829802703 0.19522144953953102 0.07890625117579475 0.04778554884251207
0 0.45117188172298484 0.3164335734327324 0.06640625098953024 0.050116551225073636
0 0.5175781327125151 0.33158508891938254 0.02890625043073669 0.08041958219837397
0 0.6273437593481503 0.3228438299847767 0.04531250067520887 0.0652680667117238
0 0.5675781334575731 0.3525641103624366 0.044531250663567334 0.04079254169482738
0 0.5046875075204298 0.4376456973259337 0.04531250067520887 0.04079254169482738
0 0.4332031314552296 0.42307693243492395 0.07265625108266249 0.04195804288610816
0 0.4179687562282197 0.5553613176452927 0.06718750100117177 0.033799534547142684
0 0.41875000623986125 0.5903263533837162 0.06718750100117177 0.03613053692970425
0 0.3343750049825758 0.6934732088120654 0.059375000884756446 0.05361305479891598
0 0.41054688111762516 0.6888112040469423 0.03203125047730282 0.09557109768502414
0 0.30585937955765985 0.8385781071265228 0.05078125075669959 0.07808857981581241
0 0.449218756693881 0.8350816035526805 0.03906250058207661 0.10839161078911275
0 0.43007813140866347 0.9778554994845763 0.06484375096624717 0.044289045268669724
0 0.5128906326426659 0.7296037457417697 0.044531250663567334 0.07692307862453163
0 0.569531258486677 0.6095571230398491 0.0703125010477379 0.044289045268669724
0 0.5175781327125151 0.5425408045412041 0.041406250617001206 0.06410256552044302
0 0.5621093833760824 0.4382284479215741 0.024218750360887498 0.10256410483270884
0 0.7000000104308128 0.3210955781978555 0.04218750062864274 0.06876457028556615
0 0.728125010849908 0.36946387763600796 0.03125000046566129 0.05594405718147755
0 0.7140625106403604 0.45629371638642624 0.026562500395812094 0.04079254169482738
0 0.7308593858906534 0.41666667588287964 0.07109375105937943 0.03846153931226581
0 0.6343750094529241 0.5034965146332979 0.02500000037252903 0.03496503573842347
0 0.692968760326039 0.5967366099357605 0.0437500006519258 0.07925408100709319
0 0.7484375111525878 0.5740093367057852 0.023437500349245965 0.11538461793679744
0 0.76992188647273 0.5472028093063273 0.024218750360887498 0.08974359172862023
0 0.7621093863563146 0.6969697123859078 0.03203125047730282 0.08624708815477788
0 0.6066406340396497 0.564685327175539 0.030468750454019755 0.08041958219837397
0 0.6570312597905286 0.6946387100033462 0.051562500768341124 0.03496503573842347
0 0.642968759580981 0.7517482683761045 0.03281250048894435 0.07459207624197006
0 0.6542968847497832 0.8199300880660303 0.02109375031432137 0.08275058458093554
0 0.5972656338999514 0.7342657505068928 0.02109375031432137 0.08857809053733945
0 0.5597656333411578 0.695804211194627 0.02890625043073669 0.08158508338965476
0 0.5234375077998266 0.6550116694997996 0.0437500006519258 0.08857809053733945
0 0.7886718867521267 0.5419580539455637 0.027343750407453626 0.0722610738594085
0 0.6250000093132257 0.4510489610256627 0.03281250048894435 0.05128205241635442
