0 0.21562499518040568 0.18812499579507858 0.12124999728985131 0.16874999622814357
0 0.5031249887542799 0.10562499763909727 0.19874999555759132 0.12374999723397195
0 0.7924999822862446 0.18874999578110874 0.1649999963119626 0.197499995585531
0 0.12749999715015292 0.32312499277759343 0.15249999659135938 0.11624999740161002
0 0.26312499411869794 0.31937499286141247 0.10124999773688614 0.11874999734573066
0 0.7099999841302633 0.3012499932665378 0.14999999664723873 0.07749999826774001
0 0.2024999954737723 0.4156249907100573 0.2524999943561852 0.06374999857507646
0 0.2231249950127676 0.4737499894108623 0.21124999527819455 0.05749999871477485
0 0.11124999751336873 0.6162499862257391 0.09749999782070518 0.18499999586492777
0 0.3493749921908602 0.6606249852338806 0.15124999661929905 0.13374999701045454
0 0.16874999622814357 0.7468749833060429 0.10749999759718776 0.16124999639578164
0 0.42624999047257006 0.2818749936996028 0.17749999603256583 0.08624999807216227
0 0.534374988055788 0.32749999267980456 0.04874999891035259 0.23749999469146132
0 0.6149999862536788 0.23999999463558197 0.19499999564141035 0.11999999731779099
0 0.8818749802885577 0.5031249887542799 0.0987499977927655 0.23874999466352165
0 0.8368749812943861 0.6393749857088551 0.0987499977927655 0.1762499960605055
0 0.6374999857507646 0.4868749891174957 0.17749999603256583 0.15124999661929905
0 0.5374999879859388 0.6324999858625233 0.20999999530613422 0.1599999964237213
0 0.5337499880697578 0.8468749810708687 0.18999999575316906 0.17124999617226422
0 0.6724999849684536 0.6993749843677506 0.13999999687075615 0.17874999600462615
0 0.7443749833619222 0.886874980176799 0.20624999538995326 0.07874999823980033
0 0.4937499889638275 0.9362499790731817 0.20749999536201358 0.06999999843537807
0 0.9337499791290611 0.6874999846331775 0.09249999793246388 0.20749999536201358
