0 0.4300000104121864 0.11509434133768082 0.08666666876524687 0.1773584932088852
0 0.5500000133179128 0.11509434133768082 0.16666667070239782 0.1169811338186264
0 0.3000000072643161 0.14150943607091904 0.1600000038743019 0.1018867939710617
0 0.24000000581145287 0.42075472325086594 0.1066666692495346 0.3207547217607498
0 0.10500000254251063 0.4245283082127571 0.11666666949167848 0.18490566313266754
0 0.04500000108964741 0.5566037818789482 0.08333333535119891 0.3962264209985733
0 0.2583333395887166 0.6962264254689217 0.15666667046025395 0.2075471729040146
0 0.17000000411644578 0.7811320871114731 0.1066666692495346 0.24150943756103516
0 0.0916666688863188 0.767924539744854 0.09000000217929482 0.23018868267536163
0 0.3533333418890834 0.44716981798410416 0.1600000038743019 0.23773585259914398
0 0.2900000070221722 0.2773584946990013 0.08000000193715096 0.15471698343753815
0 0.35666667530313134 0.2792452871799469 0.08666666876524687 0.22641509771347046
0 0.5466666799038649 0.3679245337843895 0.2000000048428774 0.18490566313266754
0 0.4900000118650496 0.5773584991693497 0.08000000193715096 0.25660377740859985
0 0.6250000151339918 0.5584905743598938 0.08333333535119891 0.22641509771347046
0 0.45500001101754606 0.800000011920929 0.1300000031478703 0.17358490824699402
0 0.3000000072643161 0.9169811457395554 0.17333333753049374 0.14339622855186462
0 0.6716666829306632 0.8641509562730789 0.21000000508502126 0.27169811725616455
0 0.8050000194925815 0.7622641623020172 0.14333333680406213 0.25660377740859985
0 0.8916666882578284 0.7433962374925613 0.07000000169500709 0.2490566074848175
0 0.9500000230036676 0.6433962360024452 0.1000000024214387 0.411320760846138
0 0.693333350121975 0.16981132328510284 0.1000000024214387 0.2188679277896881
0 0.8000000193715096 0.27169811725616455 0.13333333656191826 0.27169811725616455
0 0.8266666866838932 0.5660377442836761 0.14000000339001417 0.14339622855186462
0 0.6666666828095913 0.3396226465702057 0.13333333656191826 0.16603773832321167
0 0.5900000142864883 0.2188679277896881 0.18666667118668556 0.10566037893295288
0 0.12333333631977439 0.2792452871799469 0.153333337046206 0.14339622855186462
