0 0.6840000324882567 0.09300000441726297 0.1480000070296228 0.17400000826455653
0 0.5480000260286033 0.09300000441726297 0.2400000113993883 0.10200000484474003
0 0.11800000560469925 0.3660000173840672 0.0720000034198165 0.10800000512972474
0 0.21400001016445458 0.23300001106690615 0.21600001025944948 0.1580000075045973
0 0.5120000243186951 0.33200001576915383 0.09200000436976552 0.20000000949949026
0 0.6620000314433128 0.23500001116190106 0.2280000108294189 0.0740000035148114
0 0.2510000119218603 0.503000023891218 0.1580000075045973 0.226000010734424
0 0.3780000179540366 0.5410000256961212 0.09600000455975533 0.2500000118743628
0 0.16400000778958201 0.605000028735958 0.17600000835955143 0.17000000807456672
0 0.5730000272160396 0.689000032725744 0.19400000921450555 0.1500000071246177
0 0.30500001448672265 0.7670000364305452 0.19800000940449536 0.11400000541470945
0 0.5500000261235982 0.7780000369530171 0.2360000112093985 0.08400000398978591
0 0.8060000382829458 0.35600001690909266 0.24800001177936792 0.09600000455975533
0 0.7850000372854993 0.46500002208631486 0.27800001320429146 0.12200000579468906
0 0.7120000338181853 0.5770000274060294 0.25200001196935773 0.08200000389479101
