0 0.5678571460302919 0.056818181183189154 0.1964285725262016 0.09965034853667021
0 0.18482142960419878 0.5008741202764213 0.15892857231665403 0.2534965006634593
0 0.30000000167638063 0.5585664273239672 0.14285714365541935 0.1975524453446269
0 0.4446428596274927 0.6931818104349077 0.18571428675204515 0.1975524453446269
0 0.36071428772993386 0.3138111853040755 0.14642857224680483 0.2919580386951566
0 0.4973214313504286 0.31206293357536197 0.11607142922002822 0.24300699029117823
0 0.5526785745169036 0.4309440511278808 0.10535714344587177 0.24650349374860525
0 0.7089285753900185 0.23688810924068093 0.11428571492433548 0.23251747991889715
0 0.7223214326077141 0.3610139819793403 0.08750000048894435 0.20104894880205393
0 0.8776785763329826 0.24300699029117823 0.16964285809081048 0.2097902074456215
0 0.8883928621071391 0.7194055863656104 0.15892857231665403 0.24650349374860525
0 0.546428574481979 0.8986013885587454 0.13571428647264838 0.19930069707334042
0 0.7553571470780298 0.8907342557795346 0.21428571548312902 0.17657342460006475
0 0.252678572840523 0.8968531368300319 0.1875000010477379 0.17832167632877827
0 0.3955357164959423 0.9064685213379562 0.1625000009080395 0.18706293497234583
