0 0.11437499744351953 0.2849999936297536 0.14624999673105776 0.37499999161809683
0 0.49124998901970685 0.1749999960884452 0.28249999368563294 0.25499999430030584
0 0.35874999198131263 0.4999999888241291 0.2624999941326678 0.30499999318271875
0 0.5624999874271452 0.5518749876646325 0.15249999659135938 0.25624999427236617
0 0.5206249883631244 0.7624999829567969 0.34874999220483005 0.2199999950826168
0 0.3868749913526699 0.8424999811686575 0.29374999343417585 0.24999999441206455
0 0.7356249835575 0.5368749879999086 0.16374999633990228 0.546249987790361
0 0.8681249805958942 0.6174999861977994 0.09624999784864485 0.4049999909475446
0 0.9443749788915738 0.596249986672774 0.10874999756924808 0.3724999916739762
0 0.9168749795062467 0.9274999792687595 0.15624999650754035 0.14499999675899744
