0 0.3668076059548184 0.2965779444202781 0.06553911115042865 0.057034220080822706
0 0.3604651113273576 0.35551330517046154 0.1923890036996454 0.0836501894518733
0 0.40169132640585303 0.4800380190135911 0.08879492478445172 0.07794676744379103
0 0.12367864523548633 0.5731939118122682 0.07822410040535033 0.07414448610506952
0 0.1014799140393734 0.9049429586157203 0.10570824379101396 0.06844106409698725
0 0.45348836586344987 0.7842205261113122 0.09513741941191256 0.10836501815356314
0 0.6247357208048925 0.8688212858978659 0.10782240866683424 0.10646387748420238
0 0.7050739860860631 0.5342205280903727 0.06553911115042865 0.08745247079059482
0 0.4841437565628439 0.6273764208890498 0.1014799140393734 0.06844106409698725
0 0.5327695487067103 0.5541825051186606 0.1014799140393734 0.08935361145995557
0 0.5243128892034292 0.4676806046627462 0.1014799140393734 0.06844106409698725
0 0.5169133121380582 0.3783269932027906 0.12473572767339647 0.06844106409698725
0 0.5084566526347771 0.32414448412600905 0.1120507384184748 0.07414448610506952
